1.18576
1.15683
1.07658
1.19168
1.16071
1.06475
1.11187
1.11197
1.06095
1.21587
1.30537
1.04882
1.22514
1.42406
1.2593
1.16951
1.13696
1.14947
1.25917
1.03019
1.14923
1.14014
1.12415
1.09296
1.33422
1.15478
1.2376
1.26792
1.33729
1.23186
1.25868
1.14393
1.27747
1.23105
1.04879
1.31065
1.37793
1.26989
1.43883
1.08303
1.2877
1.32354
1.17168
1.19191
1.31184
1.54524
1.27317
1.02689
1.1672
1.10565
1.28648
1.10181
1.03713
1.16772
1.30273
1.16384
1.07999
1.26916
1.26851
1.24562
1.21999
1.13806
1.18526
1.29068
1.21805
1.29083
1.21061
1.19361
1.40739
1.29341
1.19361
1.33851
1.18115
1.19505
1.14449
1.30779
1.36944
1.16207
1.29899
1.11621
1.17251
1.33227
1.27496
1.24158
1.29657
1.12086
1.05432
1.20193
1.12082
1.25706
1.1656
1.20786
1.13504
1.23282
1.37514
1.3083
1.31392
1.19832
1.03971
1.25364
1.33835
1.24262
1.19498
1.23758
1.19828
1.21103
1.32571
1.15531
1.12896
1.19005
1.20775
0.971091
1.26077
1.06171
1.27597
1.34926
1.35057
1.13994
1.13191
1.32305
1.36831
1.37058
1.23463
1.1588
1.19269
1.16935
1.34289
1.26876
1.13831
1.38223
1.43832
1.19822
1.15205
1.43472
1.19432
1.38345
1.16304
1.33352
1.09222
1.39825
1.18817
1.20479
1.07006
1.29926
1.20784
1.35186
1.10994
1.21272
1.26623
1.30906
1.3455
1.27481
1.19605
1.37168
1.31009
1.239
1.2249
1.23624
1.18132
1.23828
1.19718
1.24357
1.36903
1.34044
1.10643
1.19235
1.0977
1.09529
1.08453
1.34918
1.22366
1.17911
1.24438
1.17862
1.4021
1.13755
1.17253
1.20806
1.1773
1.10508
1.18566
1.23673
1.26495
1.32572
1.18373
1.19354
1.1275
1.18527
1.30698
1.05037
1.16548
1.22685
1.2415
1.24648
1.21857
1.18593
1.29764
1.28701
1.26361
1.05835
1.21112
1.40901
1.34552
1.20155
1.23123
1.13222
1.2876
1.20679
1.18005
1.33803
1.34103
1.12327
0.981391
1.36643
1.42535
1.39615
1.22804
1.18129
1.3004
1.21968
1.25825
1.09434
1.23731
1.21097
1.2124
1.14023
1.22641
1.17361
1.10379
1.00782
1.15284
1.23293
1.24157
1.2123
1.14069
1.20385
1.16851
1.25011
1.14229
1.21522
1.25106
1.27203
1.20581
1.12209
1.03191
1.07763
1.13346
1.37813
1.1951
1.29311
1.21612
1.20258
1.14922
1.40629
1.29937
1.17588
1.10949
1.47905
1.39877
1.11001
1.2755
1.13216
1.15953
1.29262
1.26956
1.36242
1.27565
1.12179
1.43249
1.27303
1.48087
1.04816
1.12369
1.32281
1.20876
1.1189
1.27524
1.29336
1.14467
1.20347
1.34945
1.25234
1.22749
1.11795
1.22881
1.06251
1.04803
1.20026
1.21201
1.05343
1.22959
1.30792
1.36848
1.09469
1.22601
1.34131
1.30983
1.00335
1.20061
1.13504
1.26836
1.1328
1.28824
1.2161
1.24155
1.12604
1.0352
1.32937
1.24863
1.1949
1.19036
1.32981
1.33686
1.17769
1.16692
1.26455
1.21736
1.2792
1.18256
0.997398
1.17693
1.33676
1.22137
1.15808
1.34912
1.41998
1.13033
1.39423
1.28879
1.23016
1.28873
1.33261
1.20505
1.31575
1.24093
1.2691
1.27601
1.14695
1.15823
1.24789
1.29107
1.08052
1.08068
1.19095
1.30049
1.19177
1.19602
1.14809
1.20855
1.24881
1.13479
1.3817
1.32563
1.18794
1.26953
1.14285
1.18074
1.1978
1.21076
1.22718
1.02236
1.15351
0.991748
1.126
1.26695
1.22846
1.10689
1.05579
1.19637
1.04992
1.13943
1.20108
1.11964
1.25523
1.23669
1.12316
1.32921
1.24323
1.2543
1.19782
1.24433
1.01017
1.18454
1.20998
1.12075
1.12823
1.4106
1.27349
1.23331
1.28875
1.26381
1.28431
1.21962
1.02116
1.46105
1.18787
1.29246
1.23245
1.10544
1.1042
1.38293
1.28517
1.3131
1.37251
1.15327
1.25036
1.24257
1.16797
1.15951
1.30196
1.18554
1.34652
1.05323
1.18264
1.31561
1.12046
1.18655
1.08123
1.1527
1.47763
1.17596
1.24183
1.21126
1.12207
1.2538
1.04608
1.11422
1.2527
1.21171
1.34336
1.20047
1.16215
1.18837
1.31839
1.27622
1.27573
1.21475
1.27065
1.17731
1.30741
1.17516
1.1999
1.33154
1.07346
1.22392
1.32417
1.26164
1.3171
1.12901
1.04567
1.10014
1.23394
1.29101
1.10356
1.28111
1.33172
1.10728
1.24514
1.41662
1.30767
1.12937
1.28186
1.12385
1.36704
1.22936
1.29103
1.07838
1.169
1.10495
1.05045
1.13317
1.18942
1.13669
1.26394
1.09139
1.10732
1.33592
1.33968
1.15333
1.2755
1.26418
1.05221
1.15794
1.22384
1.34188
1.08792
1.34557
1.27271
1.40969
1.1137
1.15515
1.1362
1.21165
1.01942
1.03126
1.22228
1.23263
1.22224
1.19758
1.25385
1.23135
1.07488
1.12029
1.41158
1.02323
1.03547
1.13266
1.30424
1.02606
1.22588
1.2266
0.992302
1.21918
1.31076
1.28176
1.11498
1.28924
1.40839
1.25306
1.02742
1.25898
1.22954
1.29498
1.24697
1.19339
1.0954
1.22411
1.24518
1.13981
1.13851
1.256
1.22178
1.2256
1.16282
1.23642
1.17669
1.17248
1.17892
1.20612
1.22674
1.05233
1.13204
1.35895
0.989082
1.28907
1.24979
1.24047
1.15061
1.22185
1.22611
1.24154
1.37474
1.33155
1.1419
1.06751
1.36501
1.24031
1.2033
1.32168
1.23753
1.07
1.11144
1.31225
1.2047
1.16352
1.24447
1.41103
1.31726
1.18236
1.31991
1.18659
1.17087
1.37948
1.1395
1.1329
1.3281
1.14434
1.22938
1.19271
1.18934
1.22096
1.13911
1.26693
1.30652
1.13856
1.07153
1.22257
1.0504
1.14724
1.1654
1.27279
1.16054
1.2989
1.24474
1.18382
1.13634
1.36921
1.4744
1.2339
1.45362
1.15249
1.10689
1.32482
1.15579
1.14778
1.43378
1.22673
1.04033
1.06064
1.24004
1.14005
1.12132
1.14426
1.09206
1.21508
1.02575
1.26194
1.21678
1.26716
1.31174
1.34494
1.46075
1.2757
1.31957
1.056
1.22046
1.15634
1.16248
1.37001
1.2302
1.08018
1.24617
1.1778
1.19671
1.20681
1.31684
1.16475
1.07311
1.27517
1.16942
1.24876
1.23204
1.16974
1.12312
1.33698
1.27409
1.29041
1.17928
1.16663
1.25967
1.14527
1.3455
1.14553
1.14778
1.16552
1.18311
1.14863
1.33859
1.12384
1.14135
1.29067
1.20514
1.16632
1.08501
1.37352
1.21192
1.17365
1.04026
1.21844
1.27347
1.21021
1.22686
1.1773
0.977655
1.26719
1.1077
1.22971
1.59793
1.27544
1.26753
1.12845
1.43746
1.29791
1.27496
1.28904
1.2155
1.32068
1.18085
1.2747
1.14275
1.16153
1.2886
1.19367
1.21054
1.32219
1.34532
1.28496
1.1639
1.28579
1.08804
1.27512
1.2848
1.22013
1.32523
1.15769
1.18852
1.25895
1.23228
1.10813
1.22641
1.40085
1.33372
1.13945
1.19157
1.29101
1.36641
1.34995
1.18439
1.08658
1.0769
1.23365
1.34571
1.24514
1.17877
1.33161
1.14104
1.12582
1.43839
1.32512
1.22641
1.17447
1.19922
1.1344
1.23451
1.15412
1.18957
1.05677
1.18319
1.07129
1.20038
1.16564
1.34199
1.22815
1.17668
1.1422
1.20835
1.24094
1.22209
1.37502
1.21726
1.26817
1.37771
1.19593
1.11285
1.22486
1.14461
1.1639
1.25095
1.33367
1.04165
1.13177
1.15448
1.39827
1.18931
1.02749
1.17229
1.13155
1.23206
1.17903
1.34591
1.17126
1.26213
1.2294
1.24649
1.29129
1.27993
1.37206
1.33033
1.13328
1.18659
1.27597
1.16771
1.4028
1.37879
1.23304
1.09202
1.12751
1.11283
1.21167
1.16535
1.31906
1.25527
1.37431
1.149
1.23584
1.37948
1.23416
1.13024
1.31248
1.12882
1.28518
1.14498
1.2969
1.22187
1.27832
1.16723
1.22103
1.22852
1.22071
1.26584
1.26444
1.42323
1.16061
1.13049
1.30564
1.11376
1.18934
1.05554
1.08496
1.18411
1.29845
1.23573
1.06863
1.37674
1.17516
1.18141
1.25315
1.07919
1.31389
1.23272
1.23996
1.33619
1.40696
1.37034
1.05639
1.23018
1.3446
1.24811
1.07195
1.14667
1.28949
1.23462
1.08071
1.03942
1.2642
1.10436
1.24517
1.40282
1.23486
1.26797
1.26041
1.2
1.18189
1.14235
1.24228
1.13851
1.27126
1.26352
1.37653
1.17017
1.26797
1.20453
1.29157
1.30503
1.13757
1.2457
1.30575
1.13991
1.17019
1.36189
1.2448
1.12541
1.40338
1.12873
1.29425
1.19246
1.29773
1.37244
1.05154
1.17419
1.29159
1.29212
1.30748
1.13565
1.25621
1.17216
1.09461
1.27956
1.16928
1.19416
1.25373
1.09374
1.22641
1.12661
1.36037
1.34533
1.15272
1.12008
1.36136
1.12139
1.27967
1.09123
1.11248
1.15823
1.14428
1.28662
1.13972
1.3092
1.21056
1.3217
1.27643
1.19211
1.21871
1.343
1.17957
1.09511
1.24495
1.25631
1.18601
1.16283
1.38817
1.13772
1.2288
1.05143
1.35098
1.28566
1.04593
1.18807
1.13876
1.34802
0.98767
1.20819
1.09142
1.15488
1.12765
1.21178
1.30802
1.25665
1.27356
1.16114
1.43882
1.18433
1.08823
1.23871
1.15468
1.07696
1.29931
1.13398
1.13435
1.16815
1.20267
1.15209
1.17904
1.21298
1.06659
1.13523
1.23129
1.1954
1.15925
1.30421
1.31561
1.17377
1.16036
1.30536
1.16809
1.2544
1.20375
1.34733
1.39753
1.31988
1.1686
1.29005
1.22923
1.08164
1.24789
1.12579
1.28099
1.19509
1.15933
1.13071
1.16847
1.18432
1.09756
1.11662
1.25764
1.25253
1.2435
1.2055
1.18725
1.2828
1.18589
1.17239
1.25272
1.44722
1.18126
1.24164
1.26609
1.36587
1.20203
1.16574
1.29479
1.25755
1.17129
1.10782
1.13877
1.05592
1.28232
1.17792
1.24028
1.42914
1.08404
1.19904
1.17761
1.17276
1.17701
1.38692
1.20582
0.938717
1.20018
1.19146
1.19775
1.34169
1.19172
1.20625
1.2457
1.35915
1.20678
1.34655
1.38746
1.33521
1.29393
1.22956
1.16667
1.21975
1.17912
1.12331
1.24218
1.42128
1.16018
1.18416
1.27437
1.42367
1.248
1.31967
1.31739
1.27568
1.15779
1.47583
1.2484
1.30291
1.20259
1.15763
1.31026
1.11851
1.20414
1.11986
1.14836
1.28245
1.21304
1.20301
1.26604
1.19021
1.16378
1.27347
1.24758
1.39467
1.12195
1.04613
1.18505
1.23651
1.32498
1.13202
1.32529
1.00851
1.26402
1.1305
1.24727
1.23786
1.28685
1.40611
1.19527
1.39478
1.32757
1.15808
1.24899
1.21989
1.22589
1.35316
1.40949
1.1955
1.29152
1.34433
1.23309
1.34993
1.14656
1.19152
1.24955
1.20389
1.18691
1.15695
1.2718
1.20268
1.40531
1.03707
1.18594
1.32767
1.19811
1.20601
1.27665
1.30864
1.33763
1.21271
1.24714
1.2986
1.14087
1.05816
1.28172
1.11271
1.08351
1.1442
1.33328
1.1339
1.11482
1.207
1.10728
1.41287
1.24883
1.3978
1.09844
0.984101
1.11573
1.24658
1.14708
1.21586
1.30345
1.1271
1.08711
1.27815
1.20482
1.19482
1.26159
1.46604
1.19138
1.01595
1.25869
1.28419
1.1202
1.14009
1.2074
1.16057
1.21711
1.17858
1.09996
1.21557
1.338
1.27888
1.35724
1.2574
1.32227
1.29175
1.20639
1.25286
1.43885
1.204
1.16194
1.23772
1.19815
1.22228
1.20947
1.3285
1.13709
1.35196
1.16252
1.1967
1.14143
1.32174
1.23169
1.35172
1.3244
1.12679
1.19458
1.14106
1.41911
1.152
1.22577
1.278
1.17491
1.2226
1.26864
1.10011
1.21114
1.26659
1.3205
1.25389
1.3491
1.25164
1.38354
1.24001
1.40522
1.17727
1.17141
1.29673
1.18958
1.2141
1.22065
1.20139
1.30464
1.18509
1.12891
1.3282
1.14234
1.18436
1.10645
1.21814
1.19316
1.15971
1.30487
1.21289
1.22951
1.21979
1.20205
1.32116
1.11333
1.16492
1.17327
1.37065
1.26669
1.29164
1.29745
1.2168
1.09634
1.26788
1.35789
1.39388
1.2776
1.05268
1.3471
1.15555
1.05254
1.33002
1.12371
1.34455
1.18768
1.41934
1.21671
1.32888
1.16146
1.24103
1.33555
1.32829
1.20938
1.20307
1.17558
1.18499
1.07017
1.40171
1.19516
1.17421
1.18086
1.27439
1.05855
1.13759
1.41391
1.0519
1.14176
1.19772
1.15818
1.30518
1.15984
1.10232
1.3004
1.10875
1.19256
1.2412
1.33206
1.29588
1.11118
1.31854
1.24275
1.425
1.18155
1.1096
1.42429
1.28373
1.29531
1.31989
1.31526
1.11839
1.22637
1.08275
1.15866
1.09745
1.18831
1.36986
1.08972
1.35118
1.15741
1.0907
1.12239
1.37169
1.2374
1.27683
1.23822
1.33822
1.27656
1.25272
1.33206
1.36835
1.36281
1.21609
1.22922
1.4736
1.43353
1.14656
1.09529
1.19395
1.10799
1.23999
1.22412
1.46465
1.27393
1.43776
1.44293
1.1766
1.1417
1.1007
1.15061
1.15576
1.26907
1.1989
1.13747
1.34917
1.14802
1.14909
1.12563
1.11066
1.2119
1.0979
1.4021
1.39796
1.1887
1.37632
1.29349
1.25348
1.33397
1.36091
1.27598
1.16236
1.20737
1.28966
1.20596
1.00891
1.07881
1.21053
1.17088
1.22204
1.0239
1.1312
1.13436
1.22451
1.19629
1.22886
1.18243
1.39891
1.18562
1.26334
1.21953
1.28387
1.22785
1.19977
1.21405
1.19601
1.12102
1.05712
1.05451
1.11238
1.32964
1.11837
1.28992
1.15158
1.39541
1.22549
1.16766
1.20136
1.24946
1.24657
1.24818
1.29806
1.10457
1.24998
1.25685
1.21967
1.25989
1.15513
1.16949
1.26887
1.09954
1.3045
1.24965
1.22055
1.28004
1.21025
1.20457
1.40557
1.15594
1.14391
1.27233
1.2974
1.24126
1.16938
1.34928
1.13883
1.34745
1.16557
1.37276
1.0647
1.22851
1.20274
1.27537
1.29288
1.10587
1.14059
1.14734
0.985124
1.22204
1.32759
0.931637
1.23519
1.14176
1.27114
1.34204
1.14314
1.36968
1.33997
1.08655
1.36281
1.38539
1.22445
1.14957
1.19011
1.08831
1.30981
1.32676
1.319
1.17414
1.22894
1.24739
1.19035
1.32174
1.28935
1.22307
1.23191
1.26856
1.11722
1.28506
1.28667
1.39795
1.26642
1.20553
1.27582
1.1689
1.21773
1.19489
1.25219
1.2351
1.31786
1.30416
1.2111
1.2135
1.17321
1.03466
1.21876
1.43823
1.19876
1.26499
1.32073
1.09068
1.31417
1.27456
1.09067
1.48485
1.12651
1.24578
1.19779
1.19318
1.23096
1.21503
1.29773
1.3373
1.23955
1.30029
1.31475
1.18411
1.22137
1.16945
1.19411
1.0582
1.24562
1.27469
1.23938
1.16139
1.26255
1.24374
1.30412
1.34421
1.28941
1.18738
1.17353
1.05162
1.17246
1.03115
1.13583
1.21775
1.26106
1.29137
1.13918
1.12303
1.07667
1.32032
1.24161
1.23792
1.1604
1.16789
1.33228
1.20099
1.13944
1.06471
1.14335
1.37287
1.26888
1.32335
1.21701
1.25601
0.991689
1.26007
1.31374
1.2871
1.09848
0.995229
1.12704
1.303
1.0256
1.13679
1.12131
1.25662
1.23616
1.36843
1.14434
1.03996
1.11585
1.16785
1.34284
1.17931
1.1474
1.28032
1.18378
1.19956
1.23555
1.1633
1.19725
1.23965
1.32645
1.30839
1.27395
1.21886
1.21615
1.35698
1.25255
1.37469
1.16907
1.14537
1.31662
1.29501
1.26844
1.21145
1.1129
1.14227
1.05257
1.27712
1.43945
1.13561
1.14537
1.21448
1.13926
1.24568
1.20476
1.23517
1.31127
1.20393
1.30944
1.21998
1.23858
1.44696
1.27998
1.3429
1.06686
1.29162
1.13379
1.17697
1.31103
1.23061
1.24687
1.09928
1.25237
1.15785
1.35046
1.18596
1.0868
1.31787
1.23099
1.21413
1.27156
1.22404
1.35217
1.08842
1.38143
1.25684
1.39343
1.26439
1.26735
1.06462
1.12973
1.25546
1.35248
1.39638
1.23152
1.26691
1.25755
1.17824
1.24377
0.887168
1.12629
1.10701
1.2731
1.20461
1.20518
1.13976
1.24867
1.34533
1.36722
1.26192
1.19659
1.29092
1.25934
1.25369
1.32852
1.14181
1.33636
1.3166
1.34666
1.41831
1.31929
1.37217
1.41607
1.25303
1.16424
1.04222
1.28833
1.4197
1.07338
1.17974
1.30363
1.26606
1.24117
1.18465
1.26576
1.17609
1.19648
1.14797
1.33528
1.17105
1.19595
1.16159
1.2002
1.13441
1.23727
1.33959
1.16914
1.29097
1.26834
1.19519
1.20163
1.24723
1.20138
1.46186
1.29016
1.25855
1.08464
1.12813
1.24492
1.40602
1.1964
1.31769
1.0762
1.18807
1.34226
1.27976
1.18807
1.34719
1.23341
1.16158
1.2882
0.975217
1.2345
1.18285
0.97203
1.20143
1.31472
1.19137
1.12796
1.2704
1.15612
1.14719
1.04744
1.15206
1.15416
1.26311
1.19257
1.03029
1.01704
1.24882
1.08125
1.15171
1.16552
1.13279
1.16287
1.31693
1.29089
1.08888
1.13855
1.17241
1.35444
1.52576
1.28826
1.19318
1.18347
1.1353
1.06523
1.26198
1.20599
1.32447
1.27519
1.20679
1.20283
1.27675
1.14615
1.09594
1.32838
1.38403
1.33135
1.13222
1.05791
1.43427
1.28113
1.12219
1.09314
1.13566
1.28077
1.21863
1.21536
1.36339
1.22123
1.27354
1.26812
1.1593
1.16067
1.24139
1.15195
1.16005
1.31307
1.28208
1.28494
1.20917
1.11117
1.13951
1.17701
1.26477
1.25055
1.35813
1.21893
1.23692
1.30885
1.2721
1.50371
1.30581
1.40029
1.2092
1.25867
1.06179
1.32071
1.15979
1.0936
1.03727
1.25275
1.25186
1.10036
1.15186
1.32098
1.25802
1.1929
1.22549
1.36291
1.27416
1.34723
1.06136
1.41507
1.20856
1.24195
1.19947
1.23871
1.02943
1.2675
1.06336
1.27756
1.0682
1.18437
1.16847
1.06065
1.25972
1.24559
1.28152
1.31637
1.01069
1.17547
1.21474
1.1501
1.16632
1.14334
1.13703
1.13052
1.1746
1.07457
1.24708
1.27781
1.3927
1.23089
1.30589
1.26619
1.21744
1.13002
1.25232
1.32403
1.22291
1.11412
1.18213
1.26234
1.34324
1.06035
1.32044
1.23047
1.27337
1.43658
1.33053
1.40516
1.27185
1.20206
1.20022
1.17918
1.135
1.08935
1.19416
1.11642
1.2298
1.28468
1.13873
1.22566
1.18807
1.34048
1.16181
1.2393
1.22538
1.1648
1.28587
1.10006
1.33901
1.21993
1.253
1.18667
1.25775
1.17437
1.2774
1.24112
1.2019
0.95506
1.15773
1.30604
1.16229
1.32971
1.17114
1.17657
1.24251
1.22119
1.30524
1.17532
1.33623
1.35893
1.26871
1.1244
1.28138
1.32966
1.17337
1.28744
1.07902
1.20324
1.19088
1.20324
0.996845
1.2289
1.19203
1.26982
1.20845
1.22433
1.30625
1.16186
1.11602
1.18895
1.17229
1.25813
1.15361
1.17743
1.41659
1.28137
1.12526
1.19739
1.09019
1.17293
1.32765
1.24682
1.25405
1.30607
1.12368
1.47896
1.2044
1.03354
1.311
1.31628
1.21261
1.17314
1.19183
1.39206
1.3748
1.27414
1.19541
1.25273
1.33001
1.08183
1.22855
1.09826
1.17329
1.46455
1.32459
1.11319
1.27287
1.33112
1.16185
1.22277
1.20254
1.14758
1.29545
1.37508
1.24314
1.20188
1.09293
1.22032
1.19398
1.27074
1.222
1.23294
1.35945
1.23002
1.2787
1.16009
1.17574
1.21889
1.25624
1.21783
1.07562
1.30876
1.12682
1.16871
1.08569
1.27016
1.10461
1.15515
1.09384
1.35438
1.31992
1.11488
1.09762
1.09431
1.31706
1.26756
1.28641
0.986136
1.23123
1.09694
1.09028
1.16888
1.1245
1.21278
1.15295
1.27444
1.25794
1.21332
1.33104
1.25584
1.1625
1.12431
1.15187
1.03756
1.24086
1.28218
1.27719
1.05289
1.18692
1.29019
1.25804
1.16431
1.12585
1.12398
1.11119
1.20095
1.17006
1.24561
1.05349
1.29199
1.26343
1.03274
1.36146
1.16751
1.14194
1.19896
1.13776
1.27213
1.13118
1.12764
1.24921
1.39172
1.34733
1.14632
1.17813
1.17975
1.26862
1.33487
1.37022
1.25554
1.26508
1.22466
1.13328
1.21433
1.07295
1.41288
1.37437
1.13341
1.25731
1.20313
1.09508
1.11818
1.35853
1.1778
1.21411
1.27237
1.39317
1.07981
1.33004
1.24439
1.27506
1.28479
1.15657
1.01708
1.38854
1.09515
1.22864
1.39758
1.12593
1.20711
1.19242
1.39893
1.21137
1.34933
1.09611
1.25143
1.38072
1.27926
1.16622
1.33815
1.2299
1.15233
1.17473
1.28963
1.3349
1.20265
1.13345
1.12636
1.19848
1.19166
1.17079
1.10967
1.19228
1.2202
1.04404
1.16194
1.58405
1.10828
1.07985
1.22372
1.15347
1.28725
1.17951
1.12967
1.22127
1.11493
1.17838
1.07174
1.34884
1.00722
1.46829
1.2145
1.19708
1.21023
1.23856
1.12733
1.16995
1.29697
1.21729
1.12685
1.18447
1.17195
1.14611
1.19529
1.12851
1.16829
1.31148
1.31251
1.39145
1.36097
1.29783
1.19972
1.38313
1.17991
1.1334
1.42334
1.08272
1.07767
1.21872
1.1876
1.40058
1.18262
1.18669
0.992228
1.04557
1.20736
1.39998
1.04406
1.20695
1.18613
1.33471
1.30061
1.47381
1.0175
1.12908
1.11548
0.889217
1.20735
1.2351
1.16981
1.20497
1.28067
1.29148
1.13116
1.2666
1.30445
1.34957
1.30826
1.34379
1.24503
1.0787
1.23164
1.25005
1.1327
1.30509
1.3248
1.11836
1.11209
1.22629
1.18067
1.15601
1.22915
1.3399
1.07539
1.08574
1.23429
1.15754
1.12973
1.34906
1.28193
1.36186
1.22307
1.17546
1.1318
1.24461
1.16181
1.10695
1.21185
1.29941
1.09741
1.31579
1.19053
1.2789
1.43315
1.20528
1.22374
1.08701
1.16902
1.15106
1.43492
1.39445
1.3353
1.17786
1.17905
1.30382
0.996158
1.23402
1.02412
1.30332
1.32606
1.30671
1.2021
1.25641
1.24141
1.10892
1.15911
1.18091
1.08884
1.26787
1.28374
1.26667
1.45203
1.11631
1.30935
1.21744
1.24488
1.27087
1.12698
1.23262
1.18699
1.24183
1.4429
1.297
1.20156
1.21726
1.09417
1.14955
1.37683
1.12511
1.19803
1.30574
1.27401
1.27062
1.08698
1.35292
1.27039
1.17806
1.11472
1.09068
1.33812
1.44722
1.26862
1.32042
1.16004
1.24865
1.20481
1.1586
1.07242
1.15233
1.26046
1.21514
1.15254
1.21279
1.28533
1.13051
1.20227
1.21442
1.20172
1.21016
1.1602
1.21934
1.2536
1.18087
1.22794
1.31193
1.20335
1.10252
1.34199
1.25177
1.32019
1.12402
1.24469
1.17244
1.29447
1.18084
1.13683
1.27768
1.11655
1.11086
1.11124
1.2839
1.24263
1.13527
1.12497
1.38337
1.3713
1.13303
1.2093
1.3286
1.11544
1.27772
1.36387
1.0853
0.952302
1.09637
1.17584
1.18008
1.33028
1.2009
1.26887
1.19168
1.23512
1.20846
1.30622
1.47288
1.30418
1.20239
1.28619
1.09981
1.08003
1.30361
1.23031
1.20992
1.09061
1.15567
1.15633
1.28562
1.26366
1.13106
1.35181
1.20451
1.1832
1.22096
1.21212
1.24354
1.12411
1.25322
1.32024
1.21686
1.16855
1.11055
1.30843
1.34649
1.35062
1.23361
1.23834
1.1925
1.15382
1.20074
1.09596
1.41229
1.18813
1.29575
1.21105
0.918773
1.27258
1.23056
1.22648
1.24084
1.27466
1.27958
1.24982
1.21954
1.30393
1.00806
1.23552
1.06554
1.40531
1.23871
1.32754
1.30628
1.02519
1.19555
1.15288
1.07754
1.32561
1.23728
1.30899
1.09326
1.20907
1.23954
1.20639
1.21229
1.2006
1.11828
1.30282
0.979896
1.30127
1.26526
1.30379
1.21606
1.28441
1.1996
1.29249
1.251
1.34941
1.10256
1.20715
1.19762
1.30052
1.15501
1.35806
1.07952
1.10749
1.14951
1.40454
1.18847
1.13473
1.17933
1.11971
1.18437
0.961144
1.35389
1.36908
1.06628
1.30996
1.05929
1.2206
1.36182
1.28274
1.0845
1.1494
1.30365
1.33618
1.23335
1.25338
1.28724
1.20849
1.16209
1.07713
1.12379
1.11433
1.30357
1.16872
1.12795
1.23585
1.20804
1.2468
1.09424
1.09993
1.08533
1.215
1.36998
1.31431
1.11834
1.19579
1.20105
1.33963
1.17827
1.2776
1.22126
1.34201
1.23205
1.25798
1.24506
1.38192
1.26627
1.18562
1.33331
1.29473
1.40026
0.967707
1.28723
1.25429
1.29565
1.0037
1.05544
1.14352
1.20466
1.14323
1.13466
1.21745
1.19615
1.14118
1.31984
1.25517
1.2845
1.12968
1.28352
1.13784
1.28815
1.21196
1.22747
1.41786
1.26259
1.31204
1.31892
1.28435
1.14923
1.24846
1.14167
1.29872
1.31573
1.1372
1.34469
1.27041
1.21265
1.11818
1.22386
1.17466
1.32765
1.33714
1.13128
1.30163
1.15495
1.25489
1.09359
1.35796
1.48062
1.3255
1.40204
1.23754
1.25413
1.2928
1.16236
1.34095
1.10139
1.11338
1.33216
1.25509
1.12141
1.22162
1.35866
1.21677
1.27654
1.28606
1.1826
1.16193
1.1439
1.21698
1.15137
1.18245
1.22965
1.13252
1.1045
1.13295
1.31377
1.25343
1.28488
1.32732
1.28944
1.33505
1.20403
1.27188
1.29972
1.28185
1.29066
1.19132
1.24494
1.22963
1.24904
1.17125
1.17375
1.24512
1.21497
1.41006
1.05305
1.23803
1.15048
0.935688
1.31225
1.1342
1.06922
1.24949
1.20181
1.21048
1.22148
0.943911
1.15266
1.35389
1.25078
1.18684
1.2442
1.22161
1.28035
1.23631
1.18335
1.32289
1.14157
1.22757
1.06662
1.26577
1.30691
1.07541
1.12954
1.53087
1.24723
1.17239
1.16652
1.11727
1.15797
1.22268
1.25205
1.28477
1.39698
1.25191
1.22666
1.07935
1.12229
1.22276
1.21175
1.06863
1.20637
1.187
1.40094
1.17586
1.10775
1.32268
1.25186
1.14816
1.04434
1.26288
1.1174
1.1954
1.17641
1.2233
1.13956
1.06585
1.23553
1.19574
1.08846
1.04052
1.1093
1.24365
1.3521
1.20622
1.15115
1.09738
1.15758
1.11384
1.2786
1.25465
1.34861
1.23771
1.10205
1.35842
1.14856
1.43808
1.30574
1.08582
1.16859
1.25736
1.26453
1.24315
1.31361
1.14285
1.21957
1.27717
1.11823
1.0722
1.06073
1.17503
1.16489
1.2459
1.13248
1.26892
1.23108
1.08639
1.41728
1.25265
1.10875
1.20127
1.3029
1.39649
1.21951
1.39854
1.21184
1.17607
1.33139
1.17543
1.40327
1.21466
1.28682
1.08337
1.04355
1.19936
1.24462
1.14558
1.25017
1.11187
1.41961
1.38401
1.30381
1.14455
1.27589
1.08271
1.47395
1.11955
1.14613
1.30566
1.23694
1.18159
1.28585
1.15348
1.15247
1.11162
1.3003
1.20402
1.25411
1.16293
1.22144
1.30038
1.32107
1.07233
1.10639
1.16525
1.3093
1.21938
1.21499
1.23721
1.25097
1.28101
1.19034
1.28813
1.30574
1.24833
1.28319
1.30464
1.2583
1.31342
1.23189
1.29971
1.29224
1.27163
1.25353
1.2279
1.26573
1.27214
1.28217
1.12827
1.21593
1.26791
1.23608
1.16885
1.34483
1.1693
1.07475
1.25558
1.24644
1.28802
1.2214
1.33662
1.34073
1.12445
1.16785
1.12951
1.25314
1.33414
0.96827
1.18181
1.2634
1.25281
1.20971
1.26394
1.2524
1.27827
1.29858
1.27561
1.18595
1.15019
1.21715
1.27652
1.1381
1.23778
1.23106
1.15815
1.33361
1.29683
1.19966
1.24583
1.2445
1.25077
1.12999
1.32259
1.17882
1.26715
1.1703
1.20167
1.17874
1.25054
1.11707
1.1469
1.2902
1.26902
1.28267
1.1996
1.15542
0.997004
1.22529
1.21537
1.20403
1.24962
1.03064
1.33327
1.17477
1.08595
1.11917
1.365
1.2384
1.25436
1.23323
1.24179
1.08464
1.29603
1.42181
1.30369
1.33183
1.09007
1.12245
1.11523
1.21766
1.26362
1.17727
1.12579
1.19996
1.17059
1.12583
1.1655
1.09414
1.30001
1.28267
1.19089
1.24955
1.15656
1.00474
1.27171
1.24124
1.29715
1.13573
1.35948
1.29983
1.18403
1.21905
1.15626
1.20414
1.11006
1.19883
1.00487
1.13269
1.34254
1.08558
1.14849
1.22364
1.21419
1.18989
1.19769
1.37578
1.17039
1.2858
1.24669
1.26781
1.18692
1.14434
1.17048
0.992788
1.07283
1.01488
1.2864
1.20685
1.16851
1.29689
1.25761
1.16538
1.2326
1.25953
1.09888
1.27712
1.24619
1.22961
1.3905
1.3165
1.15064
1.2867
1.08021
1.23954
1.14205
1.01986
1.10169
1.15893
1.20622
1.098
1.18263
1.27379
1.27535
1.13807
1.32506
1.35005
1.13867
1.22471
1.22104
1.22314
1.1846
1.45024
1.11449
1.18254
1.10878
1.30896
1.21049
1.23965
1.09681
1.11447
1.11092
1.3051
1.03674
1.26144
1.13052
1.30307
1.12856
1.10527
1.15212
1.25682
1.14356
1.28718
1.22853
1.04547
1.11625
1.36156
1.26858
1.17103
1.25891
1.2342
1.27886
1.12372
1.16953
1.21648
1.15048
1.29668
1.31904
1.37422
1.15903
1.21787
1.17579
1.20508
1.24284
1.17798
1.33289
1.11338
1.27138
1.20993
1.29086
1.36957
1.10775
1.32741
1.01936
1.21986
1.21765
1.20839
1.38127
1.27891
1.4071
1.38912
1.13237
1.13906
1.14122
1.18275
1.29806
1.205
1.23551
1.21152
1.28904
1.09785
1.26628
1.06983
0.936324
1.10072
1.17159
1.12455
1.0487
1.21413
1.1721
1.26455
1.31007
1.16368
1.16105
1.29501
1.3344
1.23095
1.21716
1.28606
1.26667
1.20196
1.17416
1.30234
1.26936
1.22277
1.21239
1.15828
1.3319
1.20245
1.43329
1.25966
1.31631
1.23827
1.09704
1.21448
1.08107
1.213
1.48775
1.25548
1.26165
1.31005
1.03852
1.23098
1.27837
1.32864
1.22306
1.15648
1.40187
1.14139
1.28537
1.22001
1.24347
1.3713
1.11953
1.18772
1.19831
1.40882
1.17486
1.20006
1.19639
1.24926
1.19986
1.05856
1.4288
1.26003
1.20888
1.29978
1.06603
1.32284
1.21354
1.33411
1.35106
1.10552
1.28176
1.37455
1.33279
1.16094
1.31874
1.07551
1.36017
1.16642
1.27512
1.16804
1.2482
1.26141
1.18422
1.29545
1.17996
1.17767
1.38358
1.34589
1.35447
1.22268
1.14686
1.30549
0.992096
1.227
1.0792
1.11846
1.29458
1.2881
1.1718
1.15831
1.29647
1.20723
1.16862
1.2966
1.21788
1.29444
1.19855
1.34448
1.28413
1.04462
1.03858
1.21625
1.10393
1.29469
1.1859
1.26753
1.15664
1.15758
1.26706
1.35843
1.14707
1.16174
1.17609
1.25349
1.33895
1.18524
1.10009
1.13574
1.34923
1.01489
1.33373
1.11361
1.32393
1.34778
1.33169
1.31181
1.32454
1.1733
1.30245
1.3036
1.16338
1.18666
1.22863
1.04392
1.2168
1.29457
1.03841
1.33758
1.10842
1.2867
1.28846
1.22759
1.21744
1.23506
1.01366
1.463
1.29694
1.14041
1.25536
1.31445
1.29553
1.29647
1.25774
1.07673
1.26892
1.29307
1.07272
1.18698
1.23276
1.30427
1.25153
1.21465
1.11929
1.22743
1.19602
1.02745
1.37987
1.37043
1.38068
1.27623
1.29337
1.07932
1.25059
1.13193
1.24725
1.25668
1.27609
1.27092
1.35578
1.2183
1.17602
1.16195
1.29648
1.3135
1.29112
1.14186
1.02261
1.0376
1.04943
1.14833
1.33051
1.29353
1.18441
1.22487
1.22417
1.11228
0.928977
1.39535
1.1366
1.24809
1.12139
1.25535
1.22205
1.26521
1.0902
1.15509
1.10853
1.04191
1.19445
1.22399
1.13558
1.30736
1.22662
0.947883
1.38282
1.24455
1.30852
1.37484
1.26066
1.27001
1.2173
1.17938
1.41763
1.1954
1.27447
1.18951
1.37485
1.35347
1.32627
1.28709
1.19868
1.17292
1.17433
1.09723
1.05113
1.10942
1.31781
1.17149
1.26196
1.09299
1.21275
1.14083
1.34625
1.32382
1.11925
1.29114
1.21328
1.25913
1.16269
1.11866
1.1363
1.34991
1.18026
1.26089
1.25024
1.33505
1.28084
1.23785
1.24656
1.16879
1.33215
1.1072
1.0793
1.15594
1.21117
1.37376
1.22292
1.15689
1.10899
1.13578
1.11616
1.34752
1.2056
1.29389
1.38782
1.23455
1.26109
1.25496
0.974801
1.13456
1.19652
1.35943
1.31004
1.35131
1.2335
1.39065
1.36131
1.14203
1.16606
1.32328
1.14205
1.39559
1.18915
1.18459
1.06933
1.04843
1.31487
1.21098
1.09882
1.22691
1.06189
1.08731
1.17329
1.2774
1.30939
1.08852
1.16332
1.36856
1.17069
1.22035
1.27619
1.11154
1.27737
1.19269
1.32012
1.19437
1.00266
1.31494
1.18346
1.13118
1.18211
1.29951
1.30919
1.16501
1.2655
1.20839
1.15931
1.20861
1.12869
1.22841
1.17238
1.39897
1.08063
1.23599
1.25067
1.38024
1.13508
1.30576
1.23424
1.15913
1.24099
1.09999
1.13129
1.27014
1.15355
1.12715
1.35129
1.33802
1.18695
1.36663
1.21805
1.17909
1.06669
1.33326
1.10471
1.23834
1.21763
1.13008
1.46043
1.24686
1.21008
1.33085
1.3994
1.33619
1.21076
1.15472
1.18279
1.17394
1.18978
1.3335
1.16777
1.17032
1.18953
1.21898
1.34179
1.26649
1.32669
1.28099
1.25639
1.29095
1.03551
1.23156
1.40742
1.33038
1.30609
1.26321
1.11699
1.15278
1.24924
1.32888
1.46723
1.1334
1.3675
1.47794
1.33462
1.23682
1.24667
1.24713
1.25142
1.20245
1.22184
1.42758
1.1966
1.33789
1.18995
1.18636
1.19334
1.12464
1.21999
1.27178
1.11511
1.2407
1.24855
1.07092
1.09276
1.14885
1.20832
1.30322
1.13266
1.30008
1.25216
1.16038
1.30928
1.23452
1.16592
1.1868
1.20724
1.23965
1.20804
1.1179
1.08589
1.2012
1.04081
1.34518
1.32001
1.19627
1.20602
1.25525
1.17368
1.27732
1.24775
1.3261
1.415
1.15759
1.13122
1.26162
1.20311
1.25156
1.22698
1.41256
1.26099
1.19115
1.13312
1.17604
1.25514
1.21046
1.24103
1.29518
1.19587
1.20031
1.25543
1.09537
1.23065
1.17389
1.10662
1.23521
1.32235
1.23612
1.04285
1.15689
1.22843
1.29494
1.12037
1.11739
1.02163
1.33764
1.20471
1.15604
1.13381
1.2318
1.20303
1.28186
1.2716
1.25111
1.20716
1.18881
1.18326
1.16558
1.1641
1.31935
1.22419
1.3582
1.23739
1.30486
1.38198
1.23294
1.28512
1.28635
1.32341
1.30293
1.23085
1.18276
1.10563
1.17321
1.4017
1.26813
1.23638
1.24287
1.28584
1.23499
1.23596
1.05904
1.27723
1.29812
1.03542
1.16335
1.26461
1.29056
1.24447
1.20912
1.29854
1.25024
1.31556
1.23341
1.38503
1.335
1.19638
1.30284
1.31696
1.11149
1.09572
1.37506
1.18829
1.09009
1.35197
1.12452
0.918702
1.17003
1.21717
1.10214
1.05583
1.27983
1.34923
1.40292
1.1856
1.29582
1.35877
1.22135
1.19459
1.1024
1.12166
1.11278
1.25591
1.19463
1.15728
1.09254
1.48175
1.24794
1.30677
1.21717
1.04007
1.04524
1.22666
1.3296
1.2749
1.15149
1.15711
1.2866
1.30908
1.20214
1.13033
1.28868
1.23835
1.21714
1.40119
1.22851
1.28421
1.3614
1.2521
1.19389
1.31487
1.19716
1.33279
1.39865
1.13751
1.30155
1.20621
1.26776
0.984688
0.966082
1.3045
1.21956
1.14062
1.32441
1.33796
1.12797
1.34807
1.16188
1.27818
1.14444
1.19469
1.23856
1.17057
1.19575
1.20707
1.24497
1.16816
1.0716
1.03731
1.26585
1.32049
1.2655
1.38358
1.24056
1.33084
1.19863
1.25163
1.17978
1.20591
1.22603
1.22128
1.23775
1.22689
1.39369
1.23786
1.22685
1.08471
1.18788
1.18864
1.32028
1.39352
1.31539
1.11921
1.21335
1.22482
1.4006
1.21058
1.24616
1.30863
1.24785
1.27485
1.08147
1.20696
1.14304
1.53508
1.10534
1.37446
1.45807
1.30792
1.37298
1.12519
1.21203
1.22489
1.23505
1.06753
1.18805
1.34306
1.23419
1.18391
1.14844
1.16632
1.15268
1.24295
1.17697
1.27944
1.38883
1.22341
1.04294
1.14965
1.21424
1.1828
1.211
1.20584
1.00992
1.22277
1.41319
1.16604
1.15084
1.12237
1.0983
1.05232
1.24459
1.15851
1.22967
1.20333
1.29238
1.36552
1.19055
1.20832
1.087
1.22744
1.10447
1.25016
1.24151
1.09756
1.25372
1.3365
1.24925
1.18315
1.25112
1.33041
1.43581
1.20562
1.30336
1.26082
1.32893
1.21458
1.36954
1.23752
1.21285
1.12362
1.20613
1.2732
1.12741
1.25202
1.24656
1.25522
1.31945
1.39317
1.28741
1.27234
1.23622
1.02041
1.34014
1.32652
1.17644
1.0057
1.17216
1.33219
1.26886
1.27239
1.20767
1.34656
1.24639
1.17434
1.32795
1.23762
1.31509
1.3695
1.04233
1.43586
1.23034
1.21859
1.22919
1.06047
1.3696
1.00399
1.03628
1.31119
1.16348
1.26398
1.13941
1.12077
1.09387
1.12252
1.1508
1.14492
1.21814
1.38054
1.18144
1.28155
1.15565
1.24389
1.12031
1.27343
1.41243
1.274
1.22819
1.24878
1.26245
1.25958
1.13631
1.25833
1.35451
1.09622
1.18387
1.0059
1.29372
1.32637
1.28826
1.13961
1.20512
1.17308
1.32718
1.29536
1.23248
1.10556
1.34656
1.26481
1.03029
1.161
1.28952
1.3692
1.22724
1.22481
1.27619
1.28562
1.12772
1.13336
1.37075
1.34038
1.10592
1.06858
1.20296
1.25776
1.30052
1.23153
1.29693
1.36657
1.3286
1.39506
1.1559
1.21459
1.24067
1.35025
1.27451
1.34212
1.14717
1.37274
1.17175
1.07334
1.16046
1.14495
1.1042
1.24557
1.28852
1.23671
1.26522
1.22234
1.11549
1.02143
1.1521
1.1998
1.41261
1.13784
1.16918
1.21955
1.24964
1.25146
1.39297
1.25071
1.27909
1.38802
1.03408
1.33826
1.32856
1.13522
1.35072
1.27526
1.1758
1.4476
1.13802
1.05728
1.16837
1.20525
1.27379
1.21602
1.22837
1.15521
1.44855
1.29212
1.26098
1.18176
1.30069
1.15678
1.37682
1.05599
1.23003
1.21657
1.25534
1.44114
1.10598
1.06689
1.28043
1.18216
1.16987
1.22713
1.16033
1.38737
1.20923
1.42009
1.45224
1.13567
1.28253
1.26408
1.2981
1.10894
1.11315
1.14399
1.0779
1.43751
1.20273
1.21331
1.31911
1.29439
1.12128
1.13459
1.18244
1.30529
1.14334
1.1765
1.20667
1.23626
1.29398
1.39913
1.25515
1.2599
1.02131
1.11972
1.45509
1.04584
1.15443
1.19106
1.25477
1.22351
1.24511
1.1521
1.1723
1.37165
1.21161
1.07461
1.29587
1.13326
1.41104
1.30773
1.15644
1.16794
1.19727
1.1727
0.901078
1.30065
1.08931
1.24274
1.14436
1.217
1.18483
1.16063
1.27685
1.38048
1.2084
1.19316
1.23707
1.20188
1.19015
1.3548
1.16977
1.2488
1.2071
1.34662
0.978458
1.19713
1.30377
1.13343
1.2939
1.24486
1.33622
1.21031
1.37789
1.30305
1.28852
1.14138
1.10687
1.12208
1.25844
1.42334
1.11574
1.23148
1.30815
1.27702
1.22663
1.05257
1.11039
1.18768
1.32154
1.13504
1.23502
1.24354
1.31333
1.22884
1.22697
1.34897
1.01869
1.19029
1.3317
1.23232
1.12614
1.27381
1.18698
1.23392
1.25082
1.1631
1.04649
1.36512
1.36224
1.1996
1.13394
1.26861
1.20491
1.12089
1.2132
1.09274
1.10933
1.26338
1.13835
1.12658
1.2243
1.14658
1.46746
0.893921
1.22078
1.22493
1.32902
1.09864
1.20558
1.33707
1.35441
1.16911
1.25285
1.25017
1.32659
1.24285
1.12358
1.23872
1.29049
1.3515
1.22045
1.10843
1.21155
0.972267
1.04177
1.1514
1.23886
1.29812
1.30744
1.26171
1.36137
1.28482
1.18699
1.07625
1.24506
1.2236
1.42014
1.1821
1.22678
1.35242
1.3176
1.19493
1.0544
1.2154
1.33622
1.21762
1.24949
1.2313
1.16135
1.32821
1.16754
1.15728
1.2537
1.14109
1.25114
1.37301
1.27077
1.02416
1.25995
1.23549
1.2908
1.21658
1.28281
1.09911
1.1831
1.24317
1.31745
1.24573
1.08094
1.20114
1.36856
1.25469
1.16736
1.01823
0.985567
1.0049
1.24403
1.27185
1.29078
1.13127
1.19924
1.25341
1.34746
1.23451
1.24669
1.16511
1.02185
1.17094
1.21637
1.30406
1.33577
1.18482
1.23557
1.212
1.25226
1.312
1.11901
1.20186
1.1438
1.17769
1.12805
1.3853
1.28065
1.22601
1.24395
1.15819
1.10363
1.16426
1.22749
1.18919
1.21114
1.03826
1.24927
1.2462
1.35115
1.26256
1.39675
1.39453
1.17375
1.26257
1.1473
1.05307
1.25725
1.15844
1.34044
1.15214
1.1365
1.28569
1.34453
1.42987
1.13792
1.41798
1.39844
1.31215
1.22644
1.14565
1.2932
1.22041
1.21683
1.24101
1.25942
1.18817
1.38294
1.26357
1.13331
1.20625
1.20114
1.29392
1.20411
1.17359
1.2417
1.17951
1.06965
1.2048
1.26466
1.19768
1.06311
1.09283
1.29082
1.25565
1.26807
1.25197
1.14742
1.33626
1.17859
1.22952
1.18879
1.42976
1.19075
1.152
1.03409
1.19805
1.05998
1.34234
1.15301
1.06848
1.38636
1.29935
1.37765
1.22208
1.31917
1.22605
1.35468
1.22992
1.1878
1.24175
1.24837
1.11149
1.10526
1.2385
1.24531
1.17389
1.28085
1.08771
1.0444
1.17663
1.13898
1.27547
1.19944
1.29387
1.33996
1.13249
1.22362
1.13797
1.24923
1.01925
1.43288
1.30065
1.12917
1.34061
1.289
1.20132
1.24878
1.19539
1.16615
1.4056
1.15625
1.06238
1.29436
1.25434
1.38277
1.2402
1.25752
1.23577
1.08722
1.27158
1.11533
1.31474
1.31508
1.29151
1.30893
1.29562
1.11007
1.2744
1.25258
1.31115
1.41981
1.37974
1.37896
1.28358
1.2926
1.29298
1.24502
1.24231
1.23357
1.28109
1.28603
1.15604
1.14677
1.14791
1.18822
1.05963
1.23133
1.33504
1.30582
1.20215
1.26173
1.17654
1.25292
1.33868
1.13485
1.2607
1.17577
1.20991
1.09835
1.30903
1.30565
1.12724
1.16319
1.19347
1.31307
1.26103
1.35599
1.40493
1.20153
1.13065
1.14835
1.24744
1.34045
1.24169
1.1018
1.07326
1.27533
1.11816
1.22733
1.29474
1.41895
1.33786
1.19604
1.02269
1.24843
1.2603
1.21911
1.07708
1.30622
1.21169
1.21269
1.00925
1.1077
1.23365
1.18114
1.28358
1.1642
1.35024
1.15679
1.11338
1.11578
1.24087
1.14886
1.22255
1.21262
0.973408
1.25893
1.22945
1.33277
1.29696
1.27243
1.14496
1.20817
1.25635
1.16147
1.09703
1.27204
1.45776
1.2422
1.21942
1.35048
1.21837
1.20351
1.13905
1.21074
1.15163
1.21244
1.07342
1.22585
1.32422
1.35436
1.33534
1.32682
1.27187
1.09897
1.19076
1.12226
1.30465
1.17594
1.27921
1.19515
1.33155
1.15152
1.20751
1.13185
1.42171
1.24791
1.23109
1.12257
1.35428
1.31596
1.34027
1.22562
1.31872
1.27136
1.11433
1.47308
1.20337
1.20101
1.29301
1.23376
1.29184
1.50874
1.17947
1.29503
1.03005
1.1934
1.09252
1.1129
1.12815
1.30192
1.16733
1.10982
1.12671
1.27576
1.19852
1.19679
1.16037
1.29125
1.26876
1.37157
1.17031
1.22841
1.13254
1.35784
1.2063
1.27143
1.28771
0.985684
1.09671
1.19079
1.39648
1.27501
1.19194
1.24602
1.32918
1.30345
1.1475
0.997246
1.2542
1.09981
1.21388
1.15339
1.2442
1.15777
1.19908
1.10194
1.11702
1.1206
1.22618
1.21588
1.14239
1.4513
1.14754
1.22289
1.06734
1.23587
1.17753
1.27899
1.29869
1.23391
1.14561
1.30722
1.23253
1.23989
1.20165
1.45747
0.975406
1.37901
1.20193
1.31682
1.20565
1.24564
1.09193
1.25548
1.2253
1.19114
1.28122
1.31914
1.30998
1.16617
1.26932
1.30691
1.1472
1.31743
1.1887
1.25353
1.17344
1.29632
1.14508
1.23244
1.36703
1.27507
1.22718
1.27117
1.16624
1.25623
1.2765
1.13697
1.1472
1.28206
1.14996
1.1319
1.31267
1.08304
1.27616
1.03533
1.21319
1.24184
1.27585
1.29013
1.16654
1.22798
1.06022
1.29441
1.20254
1.11892
1.17416
1.11039
1.20294
1.34798
1.20935
1.28831
1.07412
1.29777
1.32849
1.22897
1.31953
1.29437
1.19968
1.23867
1.14944
1.2613
1.24591
1.17412
1.14616
1.2455
1.1624
1.43039
1.20308
1.23289
1.24046
1.35396
1.197
1.2213
1.46729
1.22331
1.06259
1.2811
1.21099
1.33831
1.19458
1.37591
1.31883
1.27574
1.15465
1.20699
1.20181
1.36007
1.21828
1.16464
0.987338
1.15326
1.32036
1.1402
1.32682
1.41083
1.18943
1.34514
1.01578
1.40967
1.2749
1.23619
1.34316
1.20292
1.20622
1.32117
1.19993
1.06111
1.10493
1.12698
1.06595
1.17289
1.52718
1.15437
1.39467
1.1747
1.05781
1.30751
1.24254
1.22866
1.1923
1.26746
1.26326
1.39424
1.22627
1.08312
1.18867
1.23585
1.34839
1.21993
1.16992
1.21831
1.19151
1.2775
1.30985
1.13588
1.2821
1.15174
1.06406
1.36941
1.34687
1.28764
1.26514
1.12752
1.14068
1.16846
1.16844
1.33778
1.2492
1.255
1.14482
1.34093
1.29689
1.20946
1.2798
1.15693
1.13539
1.41
1.26276
0.982758
1.1236
1.1934
1.27114
1.45727
0.952036
1.32348
1.30285
1.16598
0.997056
1.13125
1.12515
1.0731
1.21707
1.25814
1.30261
1.43652
1.34625
1.22194
0.988727
1.35005
1.23215
1.40211
1.24059
1.10586
1.20228
1.29144
1.26587
1.17654
1.21635
1.24908
1.2164
1.28025
1.16949
1.3586
1.34094
1.1769
1.16319
1.2017
1.11673
1.21945
1.2449
1.06526
1.38281
1.29891
1.09239
1.21902
1.20002
1.25702
1.07547
0.987184
1.22615
1.22437
1.21241
1.20193
1.27589
1.39392
1.10993
1.12904
1.20046
1.37206
1.1906
1.28285
1.12991
1.13075
1.17784
1.25953
1.15011
1.05618
1.35322
1.43513
1.23836
1.15999
1.452
1.36566
1.22402
1.16593
1.3493
1.20255
1.40855
1.13682
1.38552
1.21669
1.274
1.26197
1.3048
1.11094
1.10974
1.35464
1.103
1.23696
1.06245
1.29849
1.1377
1.30882
1.2047
1.22445
1.08715
1.23066
1.20637
1.01269
1.1995
1.16985
1.24904
1.22943
1.29759
1.44295
1.21898
1.29056
1.18784
1.21185
1.24062
1.15974
1.13773
1.38031
1.16645
1.28799
1.07184
1.30137
1.2224
1.18489
1.14986
1.1254
1.22031
1.18825
1.2914
1.26256
1.13186
0.958344
1.25943
1.30554
1.28399
1.37312
1.25669
1.32245
1.14962
1.17736
1.28005
1.3333
1.27675
1.22237
1.27367
1.26514
1.27664
1.3113
1.12256
1.28058
1.36225
1.14902
1.4473
1.11666
1.28167
1.23811
1.24117
1.26857
1.10123
1.24896
1.12557
1.30007
1.26127
1.25184
1.07139
1.21727
1.10244
1.28621
1.38331
1.07038
1.25452
1.23231
1.36693
1.30803
1.24325
1.28392
1.20923
1.16782
1.33266
1.46676
1.1395
1.16495
1.26146
1.08822
1.02252
1.19174
1.22615
1.19553
1.18183
1.42794
1.30855
1.33721
1.25885
1.29211
1.0752
1.06899
1.27873
1.21938
1.29138
1.01221
1.13396
1.21337
1.29011
1.37168
1.32727
1.20156
1.17362
1.17474
1.18963
1.30597
1.36277
1.28755
0.994829
1.21922
1.06198
1.16677
1.33535
1.33897
1.17342
1.29654
1.28746
1.3318
1.05744
1.17139
1.35849
1.02693
1.10132
1.12494
1.09862
1.18082
1.32555
1.27615
1.22014
1.34003
1.12513
1.27968
1.28659
1.06373
1.1698
1.3667
1.30178
1.15259
1.36198
1.3307
1.27634
1.30065
1.20335
1.26927
1.24385
1.35496
1.26148
1.28962
1.18597
1.25338
1.14088
1.33978
1.29128
1.20195
1.06781
1.10567
1.25913
1.14185
1.10731
1.17287
1.21914
1.16002
1.19097
1.1972
1.3525
1.39254
1.37321
1.24256
1.26565
1.24809
1.24382
1.17245
1.02713
1.12137
1.18176
1.23228
1.18693
1.14094
1.26554
1.32149
1.2051
1.40462
1.36245
1.24266
1.27206
1.23706
1.21233
1.14883
1.30628
1.252
1.23493
1.34019
1.12117
1.21213
1.20839
1.22846
1.10908
1.18054
1.15933
1.15809
1.33712
1.2964
1.24918
1.30229
1.24479
1.0653
1.05862
1.34982
1.3789
1.1634
1.31221
1.22974
1.00163
1.20612
1.25041
1.3268
1.3106
1.25698
1.21868
1.3259
1.25214
1.24465
1.1184
1.18482
1.28215
1.49523
1.16757
1.20945
1.15989
1.07128
1.19161
1.32552
1.25454
1.22938
1.26543
1.08503
1.23717
0.897378
1.08701
1.19528
1.31332
1.33849
1.2902
1.16691
1.18404
0.963952
1.07397
1.17597
1.15728
1.37713
1.1136
1.2545
1.39167
1.18672
1.17786
1.24539
1.10517
1.19485
1.25321
1.1847
1.26949
1.24795
1.26373
1.23686
1.10343
1.22207
1.17892
1.21186
1.25922
1.03269
1.17463
1.1639
1.22693
1.47774
1.13492
1.21444
1.13657
1.30598
1.30818
1.17791
1.36859
1.05473
1.2111
1.10659
1.2763
1.1535
1.46911
1.33359
1.19439
1.14061
1.46129
1.20217
1.37181
1.12179
1.19316
1.38961
1.18535
1.21146
1.3475
1.19995
1.12529
1.22041
1.23382
1.25099
1.18466
1.10603
1.21805
1.33819
1.23393
1.26452
1.23127
1.29141
1.02003
1.30103
1.18984
1.18119
1.30453
1.18298
1.21351
1.25525
1.16248
1.32948
1.29747
1.22261
1.33552
1.15905
1.14138
1.28903
1.27842
1.20049
1.19567
1.37023
1.23586
1.32559
1.20253
1.26453
1.26307
1.22125
1.17224
1.25504
1.26121
1.16311
1.23153
1.31909
1.16874
1.21763
1.26433
1.34477
1.2587
1.1701
1.251
1.2695
1.18445
1.13829
1.23361
1.24282
0.989929
1.38691
1.28106
1.36499
1.17329
1.26191
1.13131
1.22523
1.07093
1.25665
1.18333
1.33414
1.36735
1.1145
1.27515
1.23916
1.30238
1.29198
1.1149
1.19341
1.33397
1.1347
1.31728
1.19177
1.15767
1.15191
1.23282
1.25922
1.19403
1.36884
1.10644
1.31991
1.06736
1.38244
1.16988
1.17709
1.18642
1.36709
1.28696
1.17276
1.17788
1.39308
1.1566
1.12981
1.21348
1.08815
1.16739
1.13729
1.25453
1.25994
1.21109
1.06554
1.33731
1.18539
1.26699
1.17209
1.33158
1.28678
1.1396
1.25566
1.30267
1.34148
1.30295
1.27716
1.29902
1.06599
1.17802
1.10801
1.1208
1.06344
1.27239
1.26179
1.16312
1.19951
1.21749
1.17563
1.19966
1.19876
1.20868
1.13316
1.22852
1.323
1.25455
1.14325
1.32539
1.3139
1.25299
1.26908
1.21186
1.25689
1.10054
1.18377
1.23912
1.1595
1.37199
1.21756
1.16823
1.26647
1.12523
1.10331
1.19194
1.29092
1.23296
1.14939
1.3213
1.16344
1.21479
1.18844
1.18851
1.27127
1.35027
1.15925
1.16455
1.25962
1.22368
1.41171
1.28736
1.28662
1.27704
1.22676
1.43497
1.0552
1.2366
1.21688
1.19685
1.15696
1.36511
1.33688
1.41054
1.0786
1.18579
1.16048
1.26758
1.20215
1.07523
1.35941
1.44896
1.25553
1.21724
1.37456
1.35673
1.1376
1.02271
1.0531
1.28696
1.22674
1.11148
1.28981
1.00307
1.25998
1.28242
1.34488
1.27851
1.37818
1.33521
1.19141
1.167
1.09832
1.22823
1.24614
1.49683
1.2048
1.12378
1.2877
1.32797
1.28592
1.14015
1.28069
1.12606
1.12212
1.30325
0.989885
1.15554
1.09858
1.20461
1.34094
1.4119
1.23766
1.16144
1.11124
1.07211
1.30361
1.17325
1.16191
1.17888
1.21158
1.30798
1.12122
1.35611
1.31058
1.34195
1.29737
1.1271
1.22766
1.24895
1.40308
1.26531
1.21476
1.19985
1.18243
1.2146
1.13922
1.19508
1.40461
1.2565
1.10637
1.18434
1.25537
1.3029
1.33121
1.18718
1.13337
1.16655
1.20459
1.27618
1.24794
1.21165
1.16148
1.11007
1.11852
1.41516
1.12611
1.06379
1.3074
1.10227
1.21828
1.39104
1.06058
1.36499
1.19583
1.35547
1.18307
1.19649
1.35762
1.27574
1.3861
1.22423
1.19685
1.4396
1.13139
1.11547
1.05662
1.03833
1.43813
1.36128
1.2866
1.36641
1.13594
1.12256
1.34852
1.16445
1.28243
1.10634
1.29312
1.30671
1.12298
1.1858
1.09592
1.0698
1.13276
1.27965
1.02437
1.08994
0.952786
1.23653
1.27692
1.36111
1.11158
1.36927
1.05213
1.24778
1.05913
1.1941
1.19931
1.33275
1.30778
1.15508
1.15675
1.03674
1.06467
1.08598
1.3119
1.2139
1.23955
1.17254
1.17379
1.14457
1.30783
1.32332
1.31787
1.48189
1.28116
1.20115
1.33383
1.10219
1.10058
1.29195
1.07298
1.30221
1.16043
1.32488
1.2941
1.16159
1.28556
1.37151
1.20994
1.08068
1.16768
1.15839
1.13444
1.17816
1.39039
1.26923
1.2002
1.31335
1.42468
1.31743
1.3614
1.35306
1.10014
1.07764
1.22666
1.06321
1.45661
1.14558
1.19822
1.23161
1.21003
1.1204
1.10671
1.12835
1.17519
1.29646
1.10716
1.15727
1.05252
1.36054
1.35195
1.37316
1.25993
1.26398
1.28277
1.27753
1.20435
1.06361
1.08232
1.32673
1.06907
1.30275
1.2852
1.11676
1.20053
1.20396
1.17549
1.19978
1.2198
1.2841
1.05599
1.02398
1.18266
1.24856
1.20076
1.26028
1.2243
1.32193
1.03543
1.31091
1.22856
1.29167
1.2114
1.12389
1.04492
1.22554
1.31945
1.32465
1.16484
1.25718
1.23322
1.25753
1.19189
1.28472
1.34537
1.27311
1.22568
1.15863
1.32493
1.27595
1.01523
1.29277
1.24273
1.13537
1.04179
1.34432
1.17878
1.23997
1.15085
1.36657
1.23146
1.32626
1.09469
1.25185
1.28161
1.12801
1.25181
1.21141
1.10711
1.3006
1.23807
1.15648
1.27578
1.36607
1.18403
1.21579
1.33486
1.05216
1.37712
1.38459
1.21431
1.32548
1.12143
1.065
1.20625
1.11012
1.23359
1.29127
1.24962
1.05883
1.22978
1.21881
1.33403
1.04634
1.24016
1.20157
1.11238
1.12068
1.0783
1.24422
1.39882
1.29483
1.25975
1.20939
1.2208
1.09216
0.969019
1.28832
1.19509
1.33603
1.21372
1.06899
1.25211
1.18169
1.08357
1.42838
1.16735
1.29411
1.36303
1.19128
1.27405
1.22711
1.22536
1.18579
1.1545
1.20085
1.16841
1.26539
1.23912
1.28306
1.16213
1.21199
1.40951
1.16137
1.18836
1.17488
1.2605
1.10895
1.27215
1.23341
1.27439
1.2441
1.14585
1.42021
1.17654
1.10978
1.40357
1.24696
1.36552
1.36881
1.35393
1.31926
1.11652
1.12304
1.22987
1.3337
1.27509
1.19608
1.19647
1.17033
1.26496
1.31941
1.18683
1.45107
1.12479
1.28394
1.10712
1.34177
1.15151
1.38021
1.36762
1.20214
1.18089
1.015
1.08353
1.34258
1.22476
1.15404
1.10684
1.27411
1.11513
1.16735
1.19377
1.2029
1.38732
1.02334
1.11471
1.04392
1.06235
1.18484
1.28881
1.30541
1.35395
1.42444
1.19179
1.18008
1.20692
1.22313
1.24129
1.12278
1.12355
1.21175
1.29317
1.22406
1.3086
1.25863
1.29016
1.20653
1.18944
1.13247
1.14623
1.18857
1.4245
1.12934
1.14212
1.26076
1.23476
1.18414
1.14818
1.41731
1.35238
1.14401
1.19023
1.3486
1.18526
1.20596
1.08704
1.20707
1.28785
1.20502
1.23751
1.21456
1.26701
0.992428
1.12621
1.20331
1.10014
1.26548
1.12022
1.29696
1.2205
1.29946
1.25154
1.29774
1.30103
1.12966
1.24825
1.33154
1.31098
1.22501
1.25515
1.41826
1.07853
1.22501
1.16516
1.39331
1.17374
1.39221
1.26937
1.33966
1.31831
1.27769
1.09364
1.18003
1.14066
1.20627
1.31134
1.34981
1.10435
1.20038
1.29416
1.21153
1.21041
1.34765
1.18838
1.20106
1.17465
1.20346
1.28418
1.34183
1.07162
1.07522
1.1571
1.20718
1.18851
1.33711
1.14073
1.30329
1.33019
1.16742
1.08805
1.28596
1.15603
1.21968
0.978546
1.19832
1.24511
1.25965
1.20999
1.06628
1.1206
1.2584
1.17223
1.1864
1.20882
1.29974
1.24149
1.21358
1.29871
0.998832
1.24737
1.29354
1.25989
1.13372
1.19245
1.1982
1.39234
1.11031
1.23062
1.18748
1.25387
1.20546
1.18751
1.44817
1.20073
1.24591
1.23184
1.24435
1.0463
1.26558
1.27638
1.11005
1.17818
1.15197
1.23111
1.19061
1.27787
1.09158
1.24725
1.1113
1.36554
1.24022
1.17845
1.13028
1.17567
1.2244
1.24426
1.3291
1.09603
1.17216
1.31425
1.3944
1.24587
1.32217
1.18029
1.32413
1.32973
1.21202
1.20572
1.26235
1.33065
1.11932
1.44891
1.20706
1.22583
1.05038
1.28464
1.28253
1.32809
1.1979
1.27842
1.19097
1.29631
1.12373
1.10019
1.28036
1.05181
1.45946
1.20069
1.24715
1.07513
1.24556
1.16313
1.33115
1.31658
1.24872
1.11151
1.32855
1.2203
1.28592
1.19502
1.35277
1.36787
1.16801
1.26606
1.18233
1.22026
1.214
0.998853
1.22212
1.30054
1.17431
1.45848
1.12143
1.26464
1.22643
1.35467
1.33163
1.3448
1.28847
1.20891
1.24102
1.08863
1.30674
1.17116
1.21362
1.23751
1.24842
1.24748
1.04145
1.2436
1.11733
1.33104
1.09765
1.28833
1.17174
1.29777
1.12213
1.41236
1.16706
1.17988
1.11301
1.18589
1.39955
1.16722
1.2843
1.28312
1.29527
1.19029
1.2609
1.15705
1.37208
1.28839
1.36584
1.15063
1.34484
1.28001
1.43195
1.16799
1.21903
1.0955
1.41919
1.21068
1.17926
1.23736
1.30711
1.19497
1.34475
1.24885
1.18511
1.29573
1.26186
1.3158
1.30965
1.16566
1.04278
1.0708
1.1488
1.28788
1.17926
1.33989
1.26485
1.02904
1.45506
1.19697
1.23508
1.02129
1.20575
1.23786
1.30111
1.24181
1.18571
1.35263
1.11128
1.39976
1.13359
1.10489
1.26785
1.09453
1.21758
1.32873
1.29768
1.2442
1.19141
1.18944
1.24196
1.15034
1.25968
1.21381
1.0046
1.21865
1.22048
1.25285
1.24166
1.29173
1.20571
1.23255
1.30305
1.18939
1.03286
1.23951
1.19582
1.24532
1.34947
1.01811
1.10412
1.14385
1.17795
1.21261
1.09038
1.45037
1.22792
1.15026
1.35861
1.2956
1.19685
1.2592
1.08598
1.33549
1.22153
1.05435
1.21622
1.21326
1.1688
1.29818
1.2724
1.28145
1.16868
1.18197
1.16634
1.18601
1.32149
1.09318
1.08837
1.35308
1.17269
1.2274
1.25123
1.23671
1.12573
1.23622
1.19359
1.14693
1.11027
1.26532
1.25176
1.23969
1.21034
1.37533
1.24999
1.08509
1.25248
1.24457
1.20155
1.29984
1.21346
1.21265
1.10556
1.12064
1.20292
1.13295
1.01849
1.27596
1.16393
1.14192
1.14099
1.18737
1.2222
1.1603
1.19615
1.31925
1.11009
1.24343
1.29649
1.0211
1.21333
1.23736
1.19388
1.1634
1.29241
1.18883
1.49415
1.26955
1.18464
1.40136
1.43069
1.34354
1.11281
1.3874
1.17514
1.13835
1.15362
1.28067
1.19813
1.27465
1.28201
1.22511
1.01434
1.09908
1.23467
1.17646
1.33068
1.27192
1.25866
1.23954
1.32295
1.2997
1.3388
1.2469
1.06663
1.41694
1.33905
1.3506
1.17555
1.22863
1.46443
1.32059
1.43124
1.29891
1.24365
1.31617
1.07383
1.40127
1.25308
1.20992
1.24673
1.33039
1.25619
1.13724
1.08862
1.3674
1.36511
1.18702
1.17288
1.31555
1.24624
1.42946
1.39952
1.13696
1.13728
1.26865
1.34755
1.13215
1.19952
1.32158
1.18842
1.2628
1.13017
1.20885
1.10114
1.19073
1.30311
1.22516
1.30081
1.15812
1.39043
1.1758
1.43304
1.13179
1.10119
1.34122
1.33571
1.18356
1.14652
1.35243
1.37442
1.13594
1.16873
1.20493
1.19734
1.19496
1.17104
1.12981
1.07378
1.12498
1.18807
1.19527
1.11806
1.37177
1.32197
1.1567
1.35731
1.40434
1.33648
1.35872
1.32375
1.26488
1.21597
1.21044
1.28894
1.15567
1.15495
1.11599
1.25686
1.20678
1.15901
1.36013
1.36234
1.17602
1.28311
1.28309
1.31515
1.28112
1.12381
1.14777
1.10129
1.16127
1.3241
1.34838
1.26736
1.12484
1.34021
1.26894
1.21516
1.34346
1.14901
1.52798
1.23353
1.20058
1.29675
1.17259
1.23884
1.28131
1.06877
1.35734
1.20294
1.27047
1.14945
1.22127
1.31738
1.25331
1.42264
1.33656
1.28833
1.17845
1.41353
1.28932
1.16895
1.23194
1.15736
1.06082
1.09035
1.41177
1.39876
1.16366
1.29003
1.19707
1.42888
1.11008
1.09746
1.322
1.17276
1.15251
1.15977
1.28464
1.36618
1.22518
1.32914
1.15181
1.24629
1.40993
1.3054
1.41083
1.13507
1.33941
1.20431
1.44455
1.12712
1.1859
1.22532
1.05061
1.17321
1.25336
1.16819
1.1951
1.19218
1.12856
1.20562
1.12675
1.25039
1.20084
1.24959
1.07508
1.09343
1.12768
1.18386
1.18659
1.1955
1.15076
1.25562
1.0349
1.27901
1.05858
1.3481
1.27134
1.3125
1.21568
1.15087
1.32078
1.31152
1.34792
1.19533
0.995078
1.40353
1.2494
1.12217
1.2663
1.16714
1.21158
1.21399
1.27723
1.16423
1.29228
1.12561
1.04774
1.15903
1.1898
1.08626
1.2062
1.2031
1.14909
1.14082
1.39508
1.1529
1.09418
1.19306
1.34469
1.19033
1.30052
1.0236
1.24616
1.23213
1.3163
1.27345
1.06826
1.24883
1.1381
1.15554
1.12479
1.10061
1.38218
1.16404
1.35505
1.28731
1.24268
1.32726
1.38836
1.31479
1.14704
1.0428
1.27555
1.17469
1.27517
1.20722
1.01582
1.28298
1.21898
1.18369
1.07091
1.37366
1.16358
1.29251
1.04537
1.31225
1.34853
1.12889
1.34317
1.36926
1.27256
1.28055
1.13134
1.26817
1.4105
1.2937
1.25602
1.26716
1.24718
1.13846
1.19565
1.22551
1.13844
1.17725
1.14115
1.15254
1.22167
1.32794
1.20094
1.38364
1.25534
1.1927
1.27977
1.22856
0.978258
1.29453
1.40772
1.34086
0.984302
1.12622
1.23893
1.1573
1.12158
1.27762
1.33004
1.26903
1.33085
1.18844
1.22571
1.3798
1.23119
1.24802
1.2087
1.09614
1.24482
1.15048
1.21503
1.12289
1.1188
1.29319
1.2279
1.16123
1.20712
1.28707
1.23259
1.3241
1.10497
1.21039
1.32684
1.12494
1.25049
1.2984
1.05192
1.17104
1.00204
1.2476
1.29309
1.08435
1.28271
1.29207
1.18441
1.14773
1.26566
1.25112
1.19825
1.08965
1.23647
1.24803
1.40715
1.40134
1.41416
0.986156
1.28245
1.24605
1.26732
1.37047
1.31004
1.32581
1.2527
1.22155
1.10851
1.47091
1.23793
1.08361
1.24348
1.1546
1.17442
1.11248
1.20021
1.343
1.11812
1.05954
0.966734
1.05848
1.15182
1.14801
1.31456
1.42801
1.20733
1.24152
1.36569
1.40247
1.31709
1.17398
1.28071
1.27123
1.2978
1.09527
1.08953
1.31854
1.23979
1.11927
1.24665
1.37332
1.01927
1.42079
1.3427
1.22443
1.2976
1.29916
1.26072
1.31629
1.17916
1.13994
0.896287
1.35132
1.23245
1.18099
1.17422
1.25438
1.32156
1.19907
1.33654
1.29295
1.01077
1.233
1.25588
1.23203
1.32543
1.20064
1.3196
1.29428
0.943514
1.23876
1.08554
1.3219
1.28229
1.29493
1.28685
1.15777
1.09281
1.10191
1.3062
1.31164
1.24677
1.19064
1.23942
1.2718
1.2322
1.2822
1.3376
0.995649
1.23116
1.22443
1.22812
1.38055
1.23365
1.20311
1.28689
1.39437
1.16945
1.203
1.14355
1.42639
1.38153
1.23767
1.42474
1.2466
1.29462
1.24338
1.17424
0.992323
1.09932
1.24677
1.39758
1.12255
1.18699
1.16826
1.31829
1.26346
1.27154
1.07406
1.27773
1.18082
1.31515
1.37428
1.11094
1.19833
1.05286
1.20766
1.073
1.2347
1.23717
1.21318
1.09957
1.18252
1.11389
1.16998
1.23272
1.28556
1.09684
1.11264
1.17568
1.25838
1.50244
1.27462
1.43241
1.22269
1.21112
1.14872
1.18106
1.27126
1.35629
1.38766
1.19168
1.30173
1.3765
1.25869
1.45934
1.25366
1.21122
1.22941
1.26471
1.31892
1.27878
1.35517
1.27613
1.33918
1.2404
1.14009
1.04363
1.28407
1.27033
1.3102
1.12826
1.09166
1.13724
1.29242
1.22738
1.19812
1.17269
1.29734
1.16044
1.04263
1.25809
1.04939
1.23329
1.26179
1.30389
1.19162
1.13986
1.27723
1.19355
1.27321
1.23291
1.15709
1.12008
1.13554
1.30968
1.30262
1.30087
0.889261
1.16954
1.20404
1.21798
0.951876
1.25962
1.23878
1.15846
1.30798
1.2098
1.23323
1.11412
1.25035
1.25467
1.32711
1.16506
1.21496
1.31304
1.366
1.08992
1.24753
1.16521
1.33858
1.29974
1.29801
1.18053
1.16416
1.11377
1.30887
1.13633
1.19052
1.06646
1.12956
1.22318
1.30247
1.32688
1.32031
1.28514
1.26744
1.21536
1.09397
1.01271
1.05993
1.20194
1.28546
1.19389
1.161
1.099
1.21087
1.43871
1.30098
1.16287
1.35014
1.20536
1.05122
1.23128
1.28203
1.25182
1.29254
1.1772
1.11866
1.29471
1.16398
1.03213
1.07723
1.26273
1.2013
1.2607
1.25041
1.13327
1.18228
1.07682
1.22842
1.09966
1.21322
1.34701
1.28172
1.22413
1.25014
1.08914
1.12824
1.10251
1.18084
1.18055
1.03524
1.16782
1.00962
1.17196
1.48558
1.31473
1.24609
1.30584
1.1148
1.32667
1.32326
1.31915
1.37584
1.13292
1.15316
1.08409
1.42167
1.16452
1.16348
1.39779
1.3288
1.12125
1.09021
1.20784
1.29069
1.16991
1.25722
1.10199
1.19939
1.29825
1.20967
1.27138
1.34511
1.15565
1.21785
1.42831
1.18364
1.27672
1.36041
1.17583
1.31293
1.18497
1.17978
1.32782
1.30148
1.1275
1.03962
1.25828
1.2594
1.15761
1.09069
1.16309
1.17715
1.25286
1.16255
1.32451
1.24759
1.22871
1.2655
1.14238
1.14175
1.12108
1.31971
1.2588
1.04851
1.03593
1.26886
1.16168
1.10128
1.06618
0.986163
1.07451
1.22959
1.17695
1.20474
1.40529
1.3452
1.26359
1.22352
1.12181
1.30486
1.08821
1.12787
1.30431
1.28452
1.26969
1.09068
1.22682
1.21157
1.21397
1.14198
1.30204
1.25253
1.1614
1.2433
1.13471
1.15229
1.2671
1.29
1.03505
1.43169
1.29771
1.2132
1.33315
1.17199
1.06642
1.38914
1.21922
1.19996
1.43445
1.17459
1.14194
1.21535
1.07306
1.04319
1.20095
1.22693
1.19265
1.35985
1.24572
1.30124
1.12236
1.16992
1.11512
1.21657
1.24946
1.17889
1.31705
1.169
1.08307
1.25242
1.10203
1.23248
1.17936
1.19344
1.22124
1.12222
1.26766
1.0504
1.07944
1.12226
1.27964
1.13891
1.19242
1.38072
1.16411
1.36656
1.23721
1.21429
1.36054
1.32791
1.4123
1.24619
1.20492
1.05957
1.37711
1.32112
1.03882
1.22511
1.22877
1.31064
1.31047
1.29142
1.28372
1.21011
1.01692
1.24718
1.39115
1.31788
1.25125
1.15878
1.20198
1.27168
1.11105
1.07328
1.24523
1.32891
1.33592
1.14641
1.22339
1.0662
1.09791
1.25297
1.39936
1.21734
1.28704
1.01407
1.33747
1.39446
1.29866
1.3127
1.10855
1.11519
1.2012
1.21185
1.23555
1.13892
1.34978
1.2689
1.06465
1.10434
1.24462
1.30433
1.16102
1.23965
1.33377
1.23933
1.36308
1.2273
1.3405
1.24805
1.24373
1.37675
1.18295
1.32012
1.36638
1.02106
1.14956
1.30861
1.31508
1.30271
1.41367
1.15374
1.37919
1.12835
1.14248
1.24637
1.20223
1.25539
1.22559
1.07402
1.26971
1.30848
1.1767
1.2134
1.12704
1.28501
1.16847
1.19163
1.14096
1.33994
1.03756
1.20652
0.93053
1.27647
1.24224
1.31405
1.25849
1.07978
1.11146
1.2561
1.22457
1.16866
1.26333
1.14081
1.20192
1.24212
1.29644
1.05459
1.25528
1.24556
1.23543
1.28335
1.35526
1.11393
1.05415
1.1711
1.25119
1.24026
1.26499
1.31711
1.34971
1.33167
1.14198
1.28758
1.17565
1.19504
1.1979
1.13862
1.08026
1.32617
1.26408
1.23046
1.16536
1.30498
1.2337
1.28196
1.25287
1.30197
1.28819
1.14408
1.30003
1.10788
1.17353
1.34494
1.07321
1.25775
1.2723
1.10145
1.16854
1.22656
1.2438
1.21824
1.28398
1.2722
1.50823
1.27939
1.17164
1.16343
1.25941
1.03908
1.27503
1.26429
1.30485
1.31281
1.34959
1.07137
1.30352
1.13818
1.0531
1.25377
1.35185
1.57501
1.23918
1.23811
1.30845
1.10535
1.24274
1.35602
1.31524
1.21124
1.29201
1.20402
1.499
1.23297
1.19776
1.211
1.25469
1.14395
1.29116
1.16403
1.20869
1.01618
1.26149
1.25806
1.20163
1.29102
1.48714
1.29648
1.37928
1.37375
1.1736
1.12778
1.2381
1.20502
1.26313
1.35388
1.28373
1.16763
1.20605
1.25512
1.1125
1.18338
1.34643
1.11048
1.08804
1.26335
1.18775
1.30782
1.12218
1.20841
1.06324
1.21665
1.17469
1.20655
1.22407
1.22828
1.30127
1.19775
1.29473
1.2041
1.18471
1.08907
1.17963
1.24708
1.30067
1.17977
1.22171
1.13621
1.21781
1.37033
1.13539
1.17608
1.22163
1.23641
1.13928
1.06824
1.20954
1.34888
1.35221
1.38663
1.12896
1.33728
1.17722
1.31586
1.2873
1.1276
1.49221
1.15486
1.25651
1.17631
1.07998
1.09085
1.33675
1.23717
1.20094
1.22536
1.28606
1.10903
1.15198
1.23025
1.2428
1.21628
1.35451
1.23516
1.30973
1.11593
0.947268
1.1159
1.17924
1.16694
1.20078
1.13453
1.24971
1.29721
1.24108
1.23525
1.27837
1.24682
1.27465
1.21881
1.18374
1.18827
1.12761
1.24946
1.14955
1.24878
1.2874
1.12275
1.41601
1.31001
1.21705
1.17469
1.21494
1.2525
1.25882
1.1984
1.31803
1.29284
1.37171
1.1321
1.39925
1.15322
1.32104
1.28926
1.10834
1.21637
1.24799
1.1619
1.10763
1.34339
1.19207
1.26654
1.13184
1.1633
1.31543
1.27882
1.05773
1.38769
1.24801
1.2826
1.18188
1.29104
1.09532
1.27114
1.19744
1.1092
1.23947
1.20132
1.37627
1.31569
1.25602
1.17046
1.2424
1.22599
1.1279
1.1335
1.22211
1.21321
1.13445
1.28723
1.31638
1.23607
1.27051
1.16579
1.28206
1.14583
1.07211
1.23209
1.1971
1.11264
1.25068
1.17972
1.46555
1.25812
1.09646
1.28829
1.31391
1.25729
1.38001
1.0775
1.27618
0.990931
1.31061
1.22179
1.35692
1.4553
1.19991
1.28575
1.26619
1.16683
1.19241
1.2654
1.05035
1.14588
1.38143
1.26248
1.19592
1.01348
1.10278
1.46628
1.3425
1.26882
1.03425
1.28526
1.30651
1.27785
1.12622
1.20121
1.46374
1.41301
1.08807
1.29052
1.00792
1.20038
1.15759
1.34083
1.07514
1.11737
1.15263
1.18829
1.20807
1.34829
1.19765
1.22868
1.18059
1.2737
1.21156
1.1852
1.29105
1.32861
1.16508
1.25328
1.01861
1.29564
1.22758
1.24807
1.25144
1.3521
1.10054
1.16933
1.14566
1.18488
1.08189
1.14374
1.12431
1.23176
1.49382
1.38645
1.16337
1.12323
1.15234
1.25878
1.14354
1.31474
1.14414
1.07288
1.13426
1.22412
1.23486
1.12493
1.36659
1.19023
1.27151
1.23724
1.28761
1.07627
1.16189
1.20762
1.22928
1.22019
1.32695
1.18188
1.16699
1.27451
1.16535
1.15299
1.36843
1.22006
1.07801
1.28444
1.25956
1.18703
1.12237
1.23484
1.16857
1.17014
1.19018
1.03887
1.23237
1.2682
1.27424
1.15395
1.20124
1.25872
1.16321
1.16264
1.30876
1.19107
1.17844
1.42096
1.36659
1.16156
1.18397
1.2837
1.38374
1.19055
1.19694
1.30239
1.22787
1.39241
1.21084
1.19548
1.11169
1.35637
1.22795
1.14453
1.18092
1.16372
1.04344
1.2315
1.32168
1.00055
1.17095
1.24212
1.19084
1.21818
1.45933
1.05279
1.10271
1.21692
1.12882
1.21738
1.26026
1.16742
1.37495
1.2133
1.20508
1.31699
1.22611
1.2112
1.26193
1.16161
1.27761
1.22846
1.20005
1.26469
1.23299
1.14048
1.22976
1.23478
1.08799
1.0248
1.27626
1.20136
1.36585
1.155
1.14502
1.25304
1.10092
1.34459
1.05818
1.14661
1.17769
1.27883
1.36538
1.01913
1.28126
1.16076
1.03672
1.29628
1.24515
1.37231
1.06175
1.11566
1.12038
0.932272
1.22743
1.1647
1.33572
1.28507
1.36185
1.23993
1.21577
1.17034
1.25057
1.25342
1.11895
1.10882
1.11631
1.01051
1.23285
1.09851
1.33892
1.14937
1.27398
1.18376
1.22381
1.33737
1.36979
1.29627
1.06756
1.26952
1.17541
1.02587
1.34067
1.1625
1.27393
1.30622
1.23755
1.17649
1.19279
1.11438
1.12833
1.10269
1.27125
1.22149
1.31705
1.33622
1.17189
1.22667
1.3262
1.18066
1.17772
1.28998
1.19463
1.05022
1.33056
1.19003
1.27062
1.34784
1.23098
1.15946
1.23709
1.18946
1.3264
1.20831
1.31384
1.24522
1.20367
1.17865
1.34509
1.21696
1.26713
1.16027
1.1567
1.13889
1.11125
1.08286
1.25769
1.2152
1.25599
1.1071
1.21907
1.22795
1.13975
1.10722
1.23076
1.04479
1.17715
1.21807
1.06343
1.17117
1.06164
1.12279
1.12331
1.38029
1.25228
1.27104
1.11333
1.24058
1.17446
1.23073
1.36122
1.39146
1.31857
1.22896
1.22243
1.19366
1.23961
1.21886
1.34903
1.26341
1.29056
1.29765
1.23633
1.00802
1.13389
1.19251
1.3605
1.19466
1.36389
1.24059
1.12247
1.08292
1.28219
1.03818
1.26427
1.32519
1.35859
1.06173
1.34027
1.25252
1.08325
1.20173
1.20485
1.27306
1.22943
1.135
1.0364
1.08335
1.31179
1.09691
1.27428
1.29171
1.33372
1.11544
1.13888
1.24869
1.35522
1.34012
1.33619
1.23015
1.16448
1.26573
1.23053
1.47717
1.3201
1.23678
1.19355
1.22754
1.23933
1.17309
1.30369
1.17841
1.30882
1.19013
1.24992
1.29132
1.10017
1.19234
1.14409
1.08138
1.18261
1.28233
1.11545
1.26023
1.19606
1.179
1.36207
1.02364
1.2481
1.27166
1.14633
1.36824
1.17288
1.2982
1.27953
1.15446
1.14175
1.22132
1.13401
1.32151
1.32479
1.17566
1.24871
1.23107
1.2129
1.06223
1.27667
1.11977
1.30801
1.13005
1.32075
1.19661
1.36343
1.42152
1.16478
1.06308
1.11272
1.29343
1.18668
1.28529
1.3637
1.10924
1.28673
0.989647
1.09786
1.1951
1.18951
1.29877
1.30209
1.17162
1.20995
1.29993
1.36313
1.08607
1.12516
1.2772
1.37535
1.17764
1.3019
1.22966
1.12862
1.19657
1.11925
1.27121
1.11385
1.15749
1.21855
1.20798
1.20112
1.24903
1.43077
1.19153
1.36074
1.06345
1.14496
1.29024
1.13815
1.09541
1.19729
1.15754
1.22049
1.19315
1.30727
1.18025
1.21874
1.13582
1.23451
1.23387
1.36073
1.14632
1.22827
1.19686
1.26143
1.18617
1.2978
1.31534
1.22566
1.1591
1.22045
1.18972
1.2625
1.22362
1.31761
1.13589
1.20123
1.12258
1.42666
1.34659
1.14521
1.13355
1.17639
1.19642
1.17654
1.20615
1.15116
1.24602
1.1863
1.21814
1.24879
1.19714
1.21819
1.29174
1.12703
1.20629
1.10987
1.33744
1.30177
1.3022
1.13957
1.17907
0.997853
0.923326
1.35788
1.09726
1.31237
1.26973
1.02005
1.24882
1.12807
1.2778
1.42514
1.17969
1.19004
1.12281
1.35938
1.13613
1.21426
0.981231
1.3103
1.31176
1.20459
1.26101
1.19415
1.03252
1.1596
1.36428
1.3425
1.09758
1.1276
1.2881
1.13407
1.27522
1.02647
1.32207
1.23882
1.23156
1.10787
1.35802
1.08843
1.3096
1.24574
1.31579
1.17069
1.32841
1.20593
1.26284
1.29739
1.17796
1.3584
1.28236
1.319
1.05739
1.28508
1.12401
1.06684
1.26962
1.24482
1.19151
1.27021
1.33372
1.38196
1.20986
1.24065
1.36162
1.1317
1.37485
1.30477
1.20695
1.39007
1.18448
1.19837
1.09154
1.28103
1.13461
1.184
1.36187
1.14059
0.968626
1.2014
1.24375
1.30413
1.34489
1.3891
1.11481
1.19707
1.17341
1.31569
1.25941
1.31072
1.27749
1.13717
1.3195
1.27452
1.28025
1.3698
1.20812
1.10033
1.24347
1.23652
1.28921
1.32175
1.36214
1.13581
1.10957
1.18206
1.05227
1.22968
1.0221
1.43058
1.23992
1.37178
1.13114
1.34561
1.1534
1.32142
1.24299
1.20202
1.26825
1.2571
1.25709
1.20158
1.00613
1.19924
1.30452
1.16392
1.19944
1.21017
1.19143
1.31592
1.25673
1.19743
1.32576
1.27434
1.2636
1.31087
1.30186
1.18738
1.19678
1.34135
1.49189
1.10722
1.24328
1.21428
1.20512
1.28966
1.16851
1.03908
1.12156
1.15029
1.31056
1.28854
1.24025
1.26392
1.05011
1.08521
1.13617
1.20559
1.29251
1.14788
1.10739
1.11082
0.940693
1.13015
1.08857
1.31212
1.18054
1.2291
1.37848
1.35244
1.39174
1.1737
1.24786
1.20301
1.14628
1.22251
1.26674
1.31488
1.3141
1.10402
1.26441
1.13417
1.13112
1.30941
1.17251
1.3564
1.23242
1.13134
1.11963
1.23623
1.25255
1.06783
1.15811
1.19721
1.14635
1.19479
1.15614
1.18738
1.38667
1.29741
1.12626
1.20897
1.1342
1.37816
1.18881
1.21981
1.23753
1.05449
1.35887
1.30578
1.30381
1.29996
1.34099
1.23943
1.21221
1.23568
1.14912
1.37643
1.00564
1.20145
1.18581
1.39975
1.1888
1.26506
1.24322
1.2664
1.3796
1.22813
1.02948
1.25168
1.22884
1.27436
1.03777
1.18567
1.37024
1.23007
1.21382
1.19046
1.42977
1.24408
1.08512
1.07871
1.26214
1.33619
1.04244
0.957912
1.27679
1.31059
1.14185
0.929199
1.22775
1.23741
1.20676
1.14133
1.28275
1.16017
1.11103
1.10458
1.27755
1.1517
1.30972
1.15068
1.18557
1.15925
1.24981
1.22576
1.28028
1.15683
1.16949
1.07154
1.37994
1.13555
1.17578
1.32496
1.34518
1.3227
1.18753
1.29626
1.10999
1.22805
1.14758
1.15494
1.22696
1.29108
1.26449
1.17252
1.22854
1.09063
1.18751
1.28164
1.03959
1.10807
1.15859
1.14893
1.28634
1.21401
1.18999
1.30695
1.20568
1.2215
1.30757
1.04253
1.20488
1.42733
1.26872
1.25514
1.13149
1.15827
1.17776
1.16857
1.29372
1.19996
1.26358
1.33806
1.28569
1.09141
1.08267
1.13376
1.44693
1.16097
1.0945
1.39243
1.11067
1.25697
1.19783
1.22831
1.47305
1.04412
1.23933
1.13695
1.21027
1.11242
1.26939
1.25058
1.20203
1.17891
1.26852
1.0676
1.26643
1.20444
1.25276
1.12838
1.2511
1.14734
1.32921
1.17811
1.38349
0.930989
1.31251
1.35924
1.15344
1.23431
1.18198
1.07624
1.26514
1.10927
1.32662
1.25336
1.0662
1.22455
1.28029
1.27757
1.32599
1.1936
1.22258
1.24498
1.29106
1.10592
1.15057
1.25063
1.2474
1.2315
1.27012
1.23465
1.23935
1.2731
1.26086
1.30041
1.31595
1.20905
1.33762
1.29621
1.23947
1.14644
1.16917
1.44585
1.13253
1.30912
1.30225
1.19982
1.23599
1.26146
1.24871
1.26339
1.31707
1.30013
1.3273
1.22533
1.36616
1.03721
1.16917
1.17754
1.31931
1.33355
1.26903
1.27787
1.15378
1.0436
1.17572
1.08954
1.42518
1.12339
1.27708
1.0414
1.22892
1.25822
1.19328
1.39495
1.1855
1.10931
1.2728
1.17192
1.34228
1.08601
1.16315
1.28452
1.04542
1.37172
1.15885
1.21208
1.14964
1.17218
1.27064
1.25529
1.3096
1.12031
1.16135
1.16539
0.990279
1.08503
1.23268
1.28759
1.1296
1.1856
1.30806
1.25476
1.1802
1.13345
1.12946
1.35354
1.30148
1.12961
1.3517
1.19888
1.25906
1.31088
1.30524
1.02594
1.07263
1.20517
1.36653
1.2568
1.13564
1.11834
1.30873
1.1741
1.35811
1.34768
1.41424
1.31308
1.16244
1.33308
1.27711
1.29691
1.20057
1.1914
1.18802
1.29339
1.18428
1.15584
1.29745
1.26114
1.41811
1.24376
1.06376
1.15147
1.27363
1.13224
1.20175
1.09524
1.15839
1.08826
1.17765
1.21979
1.36962
1.19923
1.02683
1.34662
1.15166
1.36723
1.27801
0.928472
1.35364
1.28485
1.28589
1.30257
1.20172
1.1012
1.19758
1.37923
1.17764
1.33716
1.20564
1.14432
1.14832
1.32557
1.22996
1.23484
1.06166
1.20255
0.970177
1.39794
1.1852
1.21949
1.1596
1.09261
1.23551
1.25029
1.14391
1.07877
1.31496
1.22558
1.12986
1.32869
1.07245
1.16816
1.26888
1.16847
1.19007
1.25083
1.27775
1.1706
1.25859
1.34058
1.2969
1.29999
1.17891
1.29178
1.08317
1.10679
1.16311
1.26211
1.16326
1.22078
1.22263
1.2107
1.1383
1.3097
1.22199
1.25821
1.14057
1.27747
1.20896
1.35217
1.2136
1.08002
1.25346
1.23279
1.22598
1.12307
1.16045
1.28791
1.10216
1.28992
1.081
1.31815
1.21671
1.39168
1.26248
1.13066
1.06901
1.29741
1.22236
1.10369
1.24522
1.14184
1.17096
1.37166
1.37303
1.1558
1.31056
1.23226
1.30716
1.23532
1.13101
1.14783
1.13232
1.15325
1.2203
1.34545
1.15768
1.16876
1.24893
1.16508
1.2411
1.32198
1.1777
1.34607
1.28606
1.33015
1.26962
1.13803
1.14987
1.33023
1.19915
1.1791
1.30232
1.09993
1.15479
1.25255
1.08577
1.18928
1.32179
1.08139
1.18751
1.33895
1.00247
1.14833
1.19332
1.1877
1.21453
1.10597
1.12373
1.31625
1.25618
1.31622
1.23594
1.05017
1.12859
1.20152
1.19692
1.22347
1.37135
1.29557
1.18031
1.39284
1.24477
1.13991
1.25546
1.23019
1.25169
1.37543
1.45406
1.15678
1.32492
1.27818
1.19266
1.23694
1.36339
1.18097
1.17919
1.11843
1.19445
1.23239
1.1396
0.990292
1.31095
1.089
1.27216
1.17253
1.34318
1.18183
1.04197
1.25944
1.32572
1.15036
1.19973
1.18914
1.24931
1.26541
1.26829
1.30735
1.13783
1.19121
1.01589
1.26644
1.34374
1.0882
1.30613
1.36622
1.2451
1.21891
1.30496
1.2266
1.19507
1.15607
1.36386
1.06034
1.02728
1.2686
1.33519
1.17262
1.40295
1.2849
1.24846
1.06358
1.31034
1.22132
1.39748
1.24296
1.16843
1.18303
1.12443
1.32133
1.29477
1.08594
1.2089
1.14188
1.26604
1.20534
1.20508
1.14476
1.18033
1.31752
1.34553
1.24718
1.3104
1.18647
1.14047
1.26247
1.19443
0.976265
1.2757
1.16553
1.17781
1.40326
1.21849
1.33578
1.10348
1.41325
1.02276
1.20399
1.30089
1.38767
1.10186
1.08338
0.985599
1.04529
1.45503
1.01668
1.35305
1.1471
1.16923
1.18091
1.12235
1.19776
1.26872
1.26343
1.17778
1.14648
1.1718
1.22457
1.2726
1.33547
1.33737
1.40096
1.07354
1.25179
1.13997
1.24949
1.24342
1.35954
1.17978
1.25284
1.12696
1.01889
1.00032
1.19724
1.25783
1.29133
1.1385
1.07371
1.26732
1.16245
1.27896
1.16769
1.20438
1.24938
1.13811
1.29357
1.3936
1.34709
1.21379
1.02731
1.18386
1.14064
1.37251
1.24025
1.08713
1.1158
1.34981
1.23787
1.19804
1.27182
1.06719
1.27034
1.15648
1.22864
1.26765
1.21779
1.21698
1.37681
1.46701
1.25644
1.19685
1.25647
1.23144
1.38054
1.17657
1.24078
0.949283
1.31689
1.06265
1.40569
1.28375
1.08007
1.25746
1.25768
1.28029
1.2578
1.21276
1.15449
1.13424
1.19131
1.16948
1.20519
1.00097
1.29267
1.19513
1.2527
1.10197
1.22052
1.25716
1.0745
1.22953
1.33083
1.28464
1.11941
1.22263
1.32219
1.34388
1.26619
1.17187
1.27714
1.18256
1.29825
1.16199
1.11057
1.30537
1.16655
1.2493
1.26007
1.17972
1.08275
1.3292
1.39534
1.20339
1.21835
1.19332
1.30619
1.05546
1.22777
1.22204
1.25614
1.23878
1.17292
1.04434
1.1273
1.2257
1.27259
1.29953
1.13902
1.06217
1.18244
1.27966
0.98124
1.22689
1.23615
1.34134
1.26173
1.1845
1.27408
1.24957
1.20291
1.22906
1.23881
1.19702
1.16171
1.09933
1.24448
1.13912
1.43559
1.11905
1.2148
1.16123
1.27168
1.15487
1.19934
1.23463
1.175
1.22163
1.1544
1.17471
1.21908
1.24834
1.01517
1.33606
1.19874
1.20707
1.14576
1.12899
1.12185
1.31113
1.13042
1.25285
1.15841
1.17361
1.29419
1.29865
1.24257
1.21824
1.15872
1.38155
1.14122
1.07853
1.25746
1.35163
1.02261
1.06274
1.32287
1.12822
1.26651
1.17799
1.36565
1.13441
1.23683
1.46732
1.34052
1.24384
1.06693
1.17651
1.17972
1.28334
1.21732
1.23676
1.20099
1.08437
1.13387
1.2143
1.14561
1.09487
1.28249
1.20412
1.24276
1.29531
1.20514
1.27635
1.25011
1.10231
1.28118
1.28419
1.2431
1.16322
1.3711
1.23126
1.29755
1.12569
1.17042
1.30046
1.24818
0.980529
1.26501
1.11625
1.03557
1.08517
1.40509
1.20347
1.21408
1.08404
1.10393
1.28223
1.08535
1.04385
1.33306
1.18405
1.13632
1.21149
1.2783
1.25216
1.20048
1.28186
1.09416
1.2557
1.24559
1.33602
1.28539
1.32317
1.29137
1.27664
1.05647
1.19182
1.21188
1.18729
1.36636
1.21905
1.2439
1.39286
1.25483
1.25424
1.09136
1.39929
1.36074
1.27127
1.19736
1.16423
1.22155
1.12023
1.0644
1.3474
1.12298
1.22635
1.21417
1.21352
1.28186
1.14322
1.12374
1.43015
1.22031
1.16959
1.23672
1.19847
1.14118
1.36252
1.20063
1.28225
1.23302
1.47814
1.17413
0.967785
1.20923
1.22691
1.40293
1.15439
1.13832
1.2851
1.20428
1.23984
1.16686
1.26692
1.27099
1.44836
1.20058
1.21036
1.13334
1.14554
1.39056
1.25228
1.25881
1.03915
1.28569
1.20619
1.19258
1.07905
1.24136
1.12901
1.38685
1.22569
1.29545
1.21607
1.42119
1.26571
1.22862
1.1822
1.29062
1.06662
1.10794
1.23719
1.22268
1.33585
1.10022
1.26947
1.24031
1.34892
1.11368
1.10279
1.19028
1.26528
1.11381
1.08924
1.36407
1.21053
1.26717
1.10657
1.36456
1.15391
0.996028
1.19166
1.37059
1.23147
1.2848
1.222
1.32607
1.40203
1.10157
1.30774
1.31452
1.22696
1.35168
1.21182
1.14738
1.19111
1.09255
1.23044
1.21498
1.31499
1.17306
1.34674
1.01977
1.29558
1.37525
1.1155
1.19257
1.22045
1.23292
1.11684
1.28519
1.27548
1.16311
1.27666
1.15059
1.27873
1.24428
1.25278
1.02678
1.37732
1.41823
1.14254
1.19242
1.3833
1.32015
1.16154
1.23477
1.25869
1.18213
1.23471
1.45891
1.10961
1.18552
1.13508
1.2285
1.20466
1.32952
1.2184
1.24981
1.26935
1.2815
1.28472
1.35469
1.09914
1.08915
1.24777
1.15286
1.21634
1.26486
1.28425
1.14296
1.26792
1.29869
1.19729
1.27595
1.30686
1.24901
1.35373
1.10212
1.29732
1.07559
1.22307
1.4155
1.17869
1.25388
1.28807
1.13971
1.1676
1.4512
1.06206
1.16428
1.3929
1.14812
1.233
1.01358
1.21711
1.24268
1.10282
1.35431
1.24778
1.21593
1.02218
1.30317
1.02702
1.20339
1.24648
1.26725
1.27474
1.22707
1.24223
1.25603
1.16958
1.22058
1.11632
1.20063
1.20747
1.23118
1.17301
1.40997
1.10931
1.2754
1.29088
1.17988
1.29733
1.33995
1.29794
1.35356
1.211
1.32083
1.17863
1.14176
1.20493
1.40718
1.27345
1.12638
1.39488
1.16832
1.21159
1.22458
1.37889
1.13727
1.19362
1.16562
1.30341
1.22798
1.13607
1.31618
1.0542
1.07571
1.22139
1.26239
1.23977
1.31176
1.18398
1.18495
1.13828
1.36968
1.30189
1.23739
1.21248
1.15732
1.29744
1.30654
1.38283
1.3136
1.26617
1.29908
1.13761
1.00637
1.22243
1.27128
1.30929
1.36754
1.08748
1.25513
1.14765
1.01745
1.31461
1.19732
1.25027
1.0489
1.26817
1.34484
1.13199
1.18537
1.28643
1.18275
1.30016
1.22305
1.33458
1.29031
1.16356
1.16764
1.26812
1.02782
1.18366
1.31751
1.27824
1.24224
1.1897
1.14492
1.13036
1.23697
1.04567
1.32361
1.14119
1.15576
1.1452
1.21033
1.36092
1.2125
1.10493
1.2009
1.24731
1.386
1.38105
1.26343
1.32741
1.35625
1.20976
1.2379
0.97972
0.979491
1.15963
1.1273
1.19487
1.31265
1.20436
1.17881
1.21552
1.31601
1.26696
1.27449
1.36174
1.16275
1.34819
1.40997
1.19812
1.29407
1.21204
1.36619
1.30922
1.29018
1.3034
1.1714
1.0242
1.14186
1.28403
1.2245
1.22061
1.26041
1.29576
1.21106
1.27931
1.19416
1.20339
1.20791
1.21636
1.19844
1.25938
1.26049
1.30392
1.18718
1.22957
1.1432
1.09443
1.19842
1.14956
1.27162
1.02384
1.33356
1.24405
1.2889
1.26475
1.18507
1.17322
1.21963
1.33609
1.1043
1.00031
1.23117
1.26094
1.04405
1.23189
1.19792
1.25539
1.19814
1.07351
1.18156
1.27973
1.48843
1.20357
1.17269
1.36892
1.00973
1.24105
1.11446
1.21474
1.01276
1.37056
1.32179
1.35792
1.07486
1.20194
1.19024
1.04908
1.33053
1.18472
1.18345
1.1391
1.18343
1.25509
1.17001
1.1671
1.08131
1.13639
1.37118
1.23892
1.32321
1.41911
1.10618
1.29024
1.18775
1.23014
1.325
1.2679
1.30273
1.22952
1.24708
1.0296
1.18344
1.35879
1.31384
1.3007
1.25577
1.28202
1.35446
1.13689
1.11271
1.28993
1.06784
1.13628
1.2181
1.2119
1.3377
1.23318
1.06629
1.35076
1.28153
1.11882
1.19455
1.26917
1.20655
1.32509
1.15776
1.32143
1.06684
1.35687
1.48538
1.38604
1.16696
1.22371
1.21631
1.22714
1.23973
1.25496
1.14762
1.26063
1.22751
1.34341
1.32349
1.26294
1.10473
1.03253
1.18568
1.1423
1.11423
1.28968
1.35349
1.19888
1.34143
1.17286
1.28101
1.09691
1.23655
1.19881
1.08932
1.43087
1.10527
1.03981
1.16971
1.20118
1.26999
1.35246
1.35823
1.33351
1.16128
1.0449
1.27021
1.22265
1.39175
1.14234
1.17423
1.31071
0.944077
1.2855
1.27487
1.30864
1.11552
1.01631
1.24786
1.11388
1.11946
1.26107
1.17171
1.31665
1.24652
1.19462
0.967682
1.09289
1.19889
1.13997
1.36445
1.24131
1.19612
1.18995
1.19379
1.24741
1.21828
1.19355
1.1243
1.37461
1.2195
1.1693
1.19799
1.30473
1.21533
1.30633
1.20652
1.22411
1.29384
1.24589
1.35434
1.14198
1.26839
1.22934
1.12678
1.29464
1.17613
1.26162
1.23848
1.24187
1.30921
1.14043
1.19433
1.22657
1.29625
1.35736
1.15779
1.21523
1.15389
1.10069
1.23804
1.19023
1.26807
1.26399
1.35771
1.2751
1.35525
1.05015
1.25531
1.31211
1.00145
1.37499
1.15897
1.15425
1.30931
1.33807
1.28827
1.32415
1.33898
1.25015
1.14398
1.2782
1.07812
1.2163
1.30259
1.25141
1.22099
1.1059
1.26961
1.09341
1.08568
1.16977
1.2596
1.20829
1.10554
1.23294
1.1444
1.17344
1.16022
1.24631
1.0469
1.21696
1.12074
1.27986
1.31547
1.29431
1.23223
1.2352
1.16338
1.26883
1.10075
1.32382
1.25731
1.27241
1.27092
1.05957
1.05018
1.28815
1.25823
1.09409
1.09322
1.15461
1.39293
1.28479
1.22415
1.18682
1.21384
1.28124
1.20597
1.32467
1.24673
1.49086
1.2462
1.37733
1.23499
1.23729
1.43208
1.32423
1.34955
1.18668
1.30541
1.10059
1.31369
1.32294
1.11066
1.05518
1.21138
1.34458
1.29734
1.27859
1.27784
1.16316
1.27011
1.25259
1.18784
1.22308
1.27353
1.29734
1.31319
1.30029
1.15775
1.25839
1.23594
1.2022
1.48111
1.18157
1.07705
1.26431
1.16922
1.14014
1.27216
1.04843
1.24746
1.10722
1.15386
1.35667
1.32311
1.23404
1.17698
1.20623
1.05519
1.25543
1.10784
1.29286
1.29129
1.26733
1.04285
1.33328
0.991043
1.23483
1.28843
1.34537
1.33374
1.02846
1.2348
1.19905
1.38822
1.23924
1.24755
1.32071
1.29645
1.19187
1.20038
1.1585
1.10012
1.19766
1.40536
1.16664
1.16194
1.24538
1.46889
1.3736
1.16433
1.36352
1.2065
1.28438
1.08662
1.12633
1.15852
1.18613
1.32942
1.17287
1.29038
1.20712
1.24632
1.101
1.04081
1.21358
1.26827
1.25112
1.37621
1.31833
1.21733
1.05169
1.0694
1.2656
1.12039
1.14435
1.24168
1.05292
1.1186
1.373
1.30466
1.13389
1.22346
1.38405
0.978746
1.18364
1.13589
1.18256
1.16206
1.1497
1.24293
1.24448
1.33831
1.23439
1.2625
1.1617
1.36987
1.21014
1.22436
1.17073
1.24437
1.12902
1.30253
1.20458
1.19698
1.34219
1.04936
1.46544
1.23292
1.18618
0.994114
1.16426
1.16663
1.18168
1.0581
1.33159
1.23667
1.12643
1.28617
1.14071
1.26597
1.42966
1.26599
1.18969
0.992139
1.33825
1.37288
1.29036
1.25576
1.20739
1.21454
1.39082
1.22635
1.24444
1.26759
1.20875
1.14882
1.20282
1.11768
1.24656
1.13716
1.25548
1.28399
1.12841
1.14717
1.22068
1.1691
1.01333
1.25178
1.07656
1.14729
1.06908
1.20895
1.20048
1.06203
1.04947
1.15751
1.17141
1.27513
1.14044
1.30593
1.38031
1.30849
1.15388
1.06275
1.35233
1.17371
1.07909
1.19208
1.1906
1.24235
1.20671
1.27973
1.2445
1.18343
1.24865
1.20755
1.16107
1.20175
1.33973
1.22793
1.14107
1.40601
1.08748
1.24566
1.2916
1.12999
1.20401
1.17301
1.22466
1.14667
1.24403
1.35838
1.08854
1.28958
1.12608
1.24821
1.22015
1.25536
1.18543
1.2088
1.03527
1.25508
1.28086
1.25484
1.22232
1.39025
1.33079
1.12861
1.21379
1.16247
1.23524
1.26498
1.34513
1.22927
1.22657
1.28573
1.10266
1.24668
1.11178
1.21
1.03938
1.12476
1.12743
1.2119
1.10916
1.09738
1.18816
1.36401
1.18239
1.2185
1.14589
1.25656
1.29911
1.19321
1.30702
1.25076
1.10443
1.29165
1.29724
1.0848
1.14758
1.19029
1.16525
1.13351
1.10431
1.08406
1.20144
1.1427
1.18667
1.21174
1.10422
1.12705
1.22819
1.22182
1.28443
1.17276
1.24415
1.25703
1.3981
1.23354
1.4208
1.26044
1.16869
1.11014
1.29045
1.24983
1.0847
1.11471
1.24727
1.24715
1.31187
1.13358
1.30738
1.41838
1.34786
1.30203
1.09359
1.3575
1.27893
1.16305
1.33848
1.06133
1.28387
1.22593
1.17196
1.25094
1.07496
1.3099
1.21371
1.32034
1.24745
1.21297
1.11159
1.21374
1.30888
1.37227
1.23517
1.21458
1.28905
1.26959
1.3649
1.2494
1.12204
1.13582
1.27153
1.42943
1.41646
1.23971
1.28788
1.29243
1.21485
1.16518
1.23588
1.30361
1.33262
1.23878
1.12437
1.27428
1.09772
1.25912
1.31624
1.14708
1.12188
1.2367
1.24221
1.22603
1.09833
1.19617
1.19367
1.19411
1.24197
1.19776
1.21384
1.27699
1.27454
1.40043
1.16287
1.34971
1.45145
1.05705
1.27734
1.12239
1.25582
1.01996
1.14315
1.20063
1.20076
0.965614
1.09718
1.38895
1.34148
1.23767
1.28963
1.15185
1.27915
1.22622
1.28398
1.23623
1.37279
1.04734
1.32556
1.32884
1.08293
1.43081
1.11132
1.18357
1.39791
1.25783
1.23673
1.21846
1.19328
1.14926
1.08376
1.25897
1.32768
1.28524
1.44335
1.30459
1.29373
1.21243
1.36427
1.23594
1.25398
1.21703
1.22247
1.36629
1.19307
1.1829
1.11163
0.951401
1.16909
1.20918
1.2891
1.21637
1.18665
1.26712
1.15221
1.12965
1.23743
1.30347
1.09175
1.16169
1.20363
1.15353
1.40036
1.30086
1.35528
1.2864
1.26257
1.01017
1.22032
1.20872
1.13394
1.31356
1.1875
1.44798
1.11143
1.17427
1.37908
1.2229
1.36587
1.12377
1.10868
1.0229
1.23055
1.11244
1.36902
1.11814
1.14137
1.22115
1.23127
1.29478
1.22081
1.14159
1.11312
1.21297
0.989351
1.297
1.2389
1.45224
1.25139
1.23918
1.15687
0.972941
1.16152
1.19084
1.37548
1.14389
1.12901
1.23357
1.14826
1.18391
1.1438
1.19823
1.06872
1.13527
1.22076
1.27655
1.44712
1.16026
0.994573
1.38727
1.27127
1.34963
1.27957
1.34324
1.12638
1.10864
1.18499
1.29123
1.05355
1.12916
1.30973
1.42647
1.1544
1.09671
1.27794
1.42499
1.28366
1.00688
1.12992
1.17063
1.27954
1.10318
1.14992
1.26925
1.21899
1.25836
1.19063
1.3244
1.19586
1.22975
1.41376
1.24621
1.23281
1.18434
1.38458
1.21708
1.35467
1.28717
1.36173
1.12728
1.31707
1.10581
1.13667
1.27975
1.10257
1.27692
1.22361
1.42151
1.15756
1.25453
1.30826
1.16703
1.09186
1.11484
1.27637
1.12919
1.33676
1.01915
1.18594
1.0132
1.18277
1.14701
1.14255
1.08902
1.2603
1.18445
1.42076
1.20789
1.0973
1.39835
1.2214
1.34736
1.22438
1.25002
1.24086
1.26602
1.17397
1.17568
1.25656
1.23934
1.30897
1.28034
1.3714
1.29348
1.42138
1.18032
1.23118
1.28794
1.44218
1.14232
1.2582
1.29101
1.32932
1.25888
1.25603
1.0616
1.31377
1.42852
1.2755
1.26231
1.18304
1.24963
1.16399
1.22873
1.19179
1.2678
1.02609
1.32969
1.30608
1.13681
1.22644
1.28221
1.31745
1.30494
1.32486
1.24069
1.33415
1.18927
1.23934
1.15392
1.29238
1.4111
1.25834
1.12787
1.1759
1.15294
1.25551
1.17334
1.27318
1.27379
1.07386
1.11594
1.25269
1.21179
1.29762
1.20985
1.20899
1.28617
1.18258
1.32469
1.17246
1.03897
1.1254
1.37265
1.16167
1.23172
1.11708
1.23752
1.25656
1.21561
1.22864
1.12569
1.12537
1.19467
1.25934
1.06704
1.29904
1.25059
1.20531
1.26448
1.21199
1.17495
1.09469
1.36672
1.30461
1.41742
1.16172
1.27358
1.09163
1.32662
1.26644
1.03981
1.40956
1.25011
1.18979
1.07839
1.18237
1.25054
1.16317
1.25502
1.22904
1.28944
1.18624
1.27994
1.15383
1.22479
1.40562
1.19874
1.25388
1.08041
1.13679
1.18555
1.33366
1.24797
1.14291
1.21864
1.26551
1.24657
1.27182
1.27319
1.25216
1.33004
1.16157
1.25319
1.33309
1.21929
1.27877
1.34509
1.09467
1.28096
1.18825
1.16223
1.26456
1.25515
1.33339
1.22998
1.29699
1.07767
1.09542
1.11633
1.28407
1.1263
1.03296
1.0425
1.06918
1.30582
1.30321
1.31868
1.2254
